 #         t_pb[s]     Dh+(pole)[cm]     Dhx(pole)[cm]      Dh+(equ)[cm]      Dhx(equ)[cm]
      -9.38949E-03      -3.89534E-11      -1.07534E-11       1.23843E+00       0.00000E+00
      -8.38749E-03       2.43994E-11       2.82695E-11       1.38264E+00       0.00000E+00
      -7.38549E-03       1.11295E-11      -2.44217E-11       1.56004E+00       0.00000E+00
      -6.38349E-03       6.42096E-12       2.96300E-11       1.79234E+00       0.00000E+00
      -5.38149E-03       6.84891E-12      -5.21540E-11       2.09068E+00       0.00000E+00
      -4.82349E-03      -3.84331E-11       4.96549E-11       2.39271E+00       0.00000E+00
      -4.62193E-03      -2.55363E-10       3.69363E-12       2.36343E+00       0.00000E+00
      -4.42038E-03       3.21332E-10       1.12798E-10       2.81099E+00       0.00000E+00
      -4.21882E-03      -2.63875E-10      -2.59964E-12       2.88128E+00       0.00000E+00
      -4.01727E-03       1.19169E-10      -2.35124E-10       2.88621E+00       0.00000E+00
      -3.81571E-03       2.42595E-10       3.12768E-10       3.01132E+00       0.00000E+00
      -3.61415E-03      -2.12802E-11      -6.97401E-11       3.23479E+00       0.00000E+00
      -3.41260E-03       1.40450E-10      -3.96828E-11       3.34790E+00       0.00000E+00
      -3.21104E-03      -2.00034E-10       1.25160E-10       3.48791E+00       0.00000E+00
      -3.00949E-03      -3.02179E-10      -1.14513E-10       3.66040E+00       0.00000E+00
      -2.80793E-03      -3.83045E-11      -3.55480E-11       3.92369E+00       0.00000E+00
      -2.60790E-03       4.76028E-10      -3.37051E-11       4.03002E+00       0.00000E+00
      -2.40788E-03       2.35870E-10       1.25851E-10       4.40873E+00       0.00000E+00
      -2.20785E-03      -6.30415E-10      -9.69508E-12       4.63431E+00       0.00000E+00
      -2.00782E-03       6.86165E-11      -5.16841E-11       4.79563E+00       0.00000E+00
      -1.80779E-03       3.47372E-10       1.30244E-10       5.05277E+00       0.00000E+00
      -1.60776E-03      -4.24565E-10      -4.88098E-13       5.59972E+00       0.00000E+00
      -1.40761E-03       2.44302E-10       1.52652E-10       6.13025E+00       0.00000E+00
      -1.20759E-03       9.00593E-11      -1.49030E-10       6.80122E+00       0.00000E+00
      -1.00756E-03      -2.70178E-10      -2.56586E-10       7.81313E+00       0.00000E+00
      -8.07529E-04      -6.86165E-11       1.93945E-11       9.17911E+00       0.00000E+00
      -4.07460E-04      -5.36058E-11       2.81283E-11       1.31179E+01       0.00000E+00
      -1.21960E-04       1.47228E-10       5.91934E-11       2.20659E+01       0.00000E+00
       2.78200E-04      -1.64319E-03      -4.94891E-03      -7.18633E+00       0.00000E+00
       6.78400E-04       3.86240E-04       2.80042E-03      -1.93643E+01       0.00000E+00
       1.07860E-03      -9.67146E-04       4.38329E-04       7.34066E+00       0.00000E+00
       1.47880E-03       3.39594E-03       1.00424E-03       1.05933E+01       0.00000E+00
       1.87900E-03      -3.78271E-03       8.06203E-04      -1.23745E+00       0.00000E+00
       2.27920E-03      -1.43053E-03       9.72148E-04       8.29860E-01       0.00000E+00
       2.67940E-03       2.12950E-03      -1.11754E-03      -7.92223E+00       0.00000E+00
       3.07960E-03       8.28930E-03      -1.86709E-03      -8.46183E+00       0.00000E+00
       3.36760E-03       2.76031E-03       1.79848E-03       2.45978E+00       0.00000E+00
       3.76780E-03       1.04729E-02       7.16936E-03       5.34270E+00       0.00000E+00
       4.16800E-03       9.54648E-03       1.99849E-02      -4.07001E+00       0.00000E+00
       4.56820E-03      -3.68143E-03       3.25372E-02      -5.16085E+00       0.00000E+00
       4.96840E-03       4.46123E-02       3.71301E-02      -3.61066E-01       0.00000E+00
       5.36860E-03       1.52183E-01       1.81651E-01      -5.37315E-01       0.00000E+00
       5.76880E-03      -8.38417E-02       2.03746E-01       6.04159E+00       0.00000E+00
       6.16900E-03      -1.13549E-01      -2.33751E-02       2.17124E+01       0.00000E+00
       6.56920E-03      -3.27428E-01      -1.37141E-01       1.91085E+01       0.00000E+00
       6.96940E-03      -1.75600E-01      -3.39603E-01       1.43877E+01       0.00000E+00
       7.36940E-03      -7.73483E-02      -4.69536E-01       1.61206E+01       0.00000E+00
       7.76960E-03       3.33855E-01      -3.18409E-01       6.17272E+00       0.00000E+00
       8.16980E-03       2.45463E-01       6.05441E-02       9.25080E-01       0.00000E+00
       8.57000E-03       2.98042E-01       3.47963E-02      -6.14140E+00       0.00000E+00
       8.97020E-03       3.75288E-01       3.11387E-01      -1.99502E+01       0.00000E+00
       9.37040E-03       1.55105E-01       4.68609E-01      -2.58100E+01       0.00000E+00
       9.77060E-03      -1.89313E-01       4.73385E-01      -2.97766E+01       0.00000E+00
       1.01708E-02      -2.24182E-01       2.31341E-01      -3.48977E+01       0.00000E+00
       1.05710E-02      -4.41576E-01       1.88082E-01      -2.72126E+01       0.00000E+00
       1.09712E-02      -4.96486E-01      -4.20125E-01      -1.42528E+01       0.00000E+00
       1.13714E-02      -1.85898E-02      -6.15749E-01      -1.77515E+00       0.00000E+00
       1.17716E-02       2.54185E-01      -3.47523E-01       1.11487E+01       0.00000E+00
       1.21718E-02      -6.16877E-02       1.76966E-01       1.80603E+01       0.00000E+00
       1.25720E-02      -5.76321E-01      -8.73585E-02       2.15102E+01       0.00000E+00
       1.29722E-02      -3.10004E-01      -2.99814E-01       2.83383E+01       0.00000E+00
       1.33724E-02       7.44218E-02      -4.00810E-01       2.98376E+01       0.00000E+00
       1.37726E-02       4.32684E-01      -1.90512E-01       2.62572E+01       0.00000E+00
       1.41728E-02       4.54894E-01      -2.25861E-01       1.87150E+01       0.00000E+00
       1.45730E-02       8.73424E-01       9.29090E-02       8.31348E+00       0.00000E+00
       1.48870E-02       8.10503E-01       5.96120E-01       8.63432E-01       0.00000E+00
       1.52872E-02       5.81969E-01       9.40087E-01      -2.60580E+00       0.00000E+00
       1.56874E-02      -5.58246E-02       1.03418E+00      -5.61484E+00       0.00000E+00
       1.60876E-02      -3.87864E-01       7.94883E-01      -9.23894E+00       0.00000E+00
       1.64878E-02      -6.36699E-01       5.46519E-01      -1.15126E+01       0.00000E+00
       1.68880E-02      -7.26967E-01       1.34514E-01      -1.41446E+01       0.00000E+00
       1.72882E-02      -8.11667E-01      -2.28538E-01      -1.64027E+01       0.00000E+00
       1.76884E-02      -7.45184E-01      -7.03128E-01      -1.67066E+01       0.00000E+00
       1.80886E-02      -4.32716E-01      -9.72081E-01      -1.70896E+01       0.00000E+00
       1.84888E-02      -1.81525E-01      -1.11195E+00      -1.52294E+01       0.00000E+00
       1.88890E-02       4.53366E-01      -1.03782E+00      -1.25458E+01       0.00000E+00
       1.92890E-02       7.69625E-01      -6.87751E-01      -1.05513E+01       0.00000E+00
       1.96892E-02       8.81561E-01      -2.49978E-01      -6.68598E+00       0.00000E+00
       2.00894E-02       7.96123E-01      -4.49702E-03      -2.48883E+00       0.00000E+00
       2.04896E-02       8.14486E-01       3.41677E-01       1.24109E+00       0.00000E+00
       2.08898E-02       6.94026E-01       5.67015E-01       3.39537E+00       0.00000E+00
       2.12900E-02       6.33748E-01       9.66866E-01       4.99661E+00       0.00000E+00
       2.16902E-02       5.20852E-02       1.17086E+00       7.10298E+00       0.00000E+00
       2.20904E-02      -4.64558E-01       1.09278E+00       9.48741E+00       0.00000E+00
       2.24906E-02      -9.88987E-01       6.95316E-01       1.08301E+01       0.00000E+00
       2.28908E-02      -1.33667E+00       1.87104E-01       1.14143E+01       0.00000E+00
       2.32910E-02      -1.41771E+00      -5.60906E-01       1.06921E+01       0.00000E+00
       2.36912E-02      -9.52550E-01      -1.15534E+00       9.45617E+00       0.00000E+00
       2.40914E-02      -3.74917E-01      -1.35586E+00       7.70970E+00       0.00000E+00
       2.44916E-02       3.91686E-01      -1.22126E+00       5.53433E+00       0.00000E+00
       2.48918E-02       8.90690E-01      -6.92991E-01       3.42736E+00       0.00000E+00
       2.52920E-02       1.06888E+00      -3.71393E-02       1.79610E+00       0.00000E+00
       2.56922E-02       8.49322E-01       5.11102E-01       2.96353E-01       0.00000E+00
       2.60924E-02       3.84251E-01       7.64525E-01      -4.03081E-01       0.00000E+00
       2.64926E-02      -1.81921E-02       6.24416E-01      -4.11764E-02       0.00000E+00
       2.68928E-02      -9.06897E-02       4.54489E-01       1.24107E+00       0.00000E+00
       2.72930E-02      -1.26926E-01       4.88228E-01       1.59196E+00       0.00000E+00
       2.76932E-02      -1.99504E-01       3.93401E-01       6.45692E-01       0.00000E+00
       2.80934E-02      -2.55090E-01       4.67341E-01      -1.22211E+00       0.00000E+00
       2.84936E-02      -4.70316E-01       4.44856E-01      -3.70654E+00       0.00000E+00
       2.88938E-02      -6.30629E-01       2.12333E-01      -7.15264E+00       0.00000E+00
       2.92940E-02      -6.90192E-01      -1.21315E-01      -1.16636E+01       0.00000E+00
       2.96942E-02      -6.87671E-01      -4.61912E-01      -1.45457E+01       0.00000E+00
       3.00944E-02      -5.03329E-01      -8.98070E-01      -1.53909E+01       0.00000E+00
       3.04946E-02      -1.47364E-01      -1.09608E+00      -1.40830E+01       0.00000E+00
       3.08948E-02       4.52762E-01      -1.11904E+00      -1.16812E+01       0.00000E+00
       3.12950E-02       9.72307E-01      -8.37302E-01      -8.65640E+00       0.00000E+00
       3.16952E-02       1.33815E+00      -3.58940E-01      -5.87730E+00       0.00000E+00
       3.20954E-02       1.39157E+00       2.59817E-01      -3.86747E+00       0.00000E+00
       3.24956E-02       1.27374E+00       7.54610E-01      -3.13081E+00       0.00000E+00
       3.28958E-02       8.93070E-01       1.26114E+00      -2.59487E+00       0.00000E+00
       3.32960E-02       1.91031E-01       1.46432E+00      -2.64670E+00       0.00000E+00
       3.36962E-02      -3.57353E-01       1.21327E+00      -2.53514E+00       0.00000E+00
       3.40964E-02      -6.69017E-01       9.77235E-01      -1.80620E+00       0.00000E+00
       3.44966E-02      -1.01813E+00       6.82206E-01       6.63098E-01       0.00000E+00
       3.48968E-02      -1.11520E+00       2.13322E-01       4.11611E+00       0.00000E+00
       3.52970E-02      -1.06938E+00      -9.24916E-02       7.77460E+00       0.00000E+00
       3.56972E-02      -1.07901E+00      -3.04027E-01       1.02768E+01       0.00000E+00
       3.59984E-02      -9.16990E-01      -5.52858E-01       1.12307E+01       0.00000E+00
       3.63986E-02      -6.90702E-01      -6.44583E-01       1.11020E+01       0.00000E+00
       3.67988E-02      -4.42957E-01      -8.25978E-01       1.03934E+01       0.00000E+00
       3.71990E-02      -2.13582E-01      -8.34178E-01       9.12689E+00       0.00000E+00
       3.75992E-02      -8.63363E-02      -8.59559E-01       7.81128E+00       0.00000E+00
       3.79994E-02       6.89166E-02      -7.55699E-01       6.81857E+00       0.00000E+00
       3.83996E-02       1.60444E-01      -8.54562E-01       5.98840E+00       0.00000E+00
       3.87998E-02       4.38345E-01      -6.94058E-01       5.30638E+00       0.00000E+00
       3.92000E-02       5.40770E-01      -7.45030E-01       3.76001E+00       0.00000E+00
       3.96002E-02       9.13798E-01      -6.98521E-01       2.31735E+00       0.00000E+00
       4.00004E-02       1.21725E+00      -6.08847E-01       2.24024E+00       0.00000E+00
       4.04004E-02       1.45007E+00      -2.77209E-01       2.32453E+00       0.00000E+00
       4.08006E-02       1.39390E+00       5.57362E-02       9.79360E-01       0.00000E+00
       4.12008E-02       1.19018E+00       3.19792E-01      -3.56784E-01       0.00000E+00
       4.16010E-02       1.03479E+00       5.37789E-01      -1.36134E+00       0.00000E+00
       4.20012E-02       6.11974E-01       9.57281E-01      -2.88206E+00       0.00000E+00
       4.24014E-02      -7.82571E-02       1.16546E+00      -5.11310E+00       0.00000E+00
       4.28016E-02      -3.75436E-01       9.68566E-01      -7.82215E+00       0.00000E+00
       4.32018E-02      -5.23804E-01       8.20099E-01      -9.67306E+00       0.00000E+00
       4.36020E-02      -8.12954E-01       6.74784E-01      -1.06471E+01       0.00000E+00
       4.40022E-02      -1.00325E+00       6.13632E-01      -1.12791E+01       0.00000E+00
       4.43074E-02      -1.13232E+00       3.39500E-01      -1.17993E+01       0.00000E+00
       4.47076E-02      -8.99200E-01       4.52937E-02      -1.21286E+01       0.00000E+00
       4.51078E-02      -7.02808E-01       1.73099E-01      -1.19063E+01       0.00000E+00
       4.55080E-02      -7.81510E-01       4.37619E-01      -1.07101E+01       0.00000E+00
       4.59082E-02      -7.19585E-01       2.79616E-01      -8.79055E+00       0.00000E+00
       4.63084E-02       1.95321E-02       1.14787E-01      -6.20039E+00       0.00000E+00
       4.67086E-02       6.45721E-01       7.75791E-01      -3.78970E+00       0.00000E+00
       4.71088E-02       4.19415E-01       1.26853E+00      -2.01477E+00       0.00000E+00
       4.75090E-02      -3.70518E-01       1.02973E+00      -1.20974E+00       0.00000E+00
       4.79092E-02      -1.02809E+00       9.14602E-02      -5.91126E-01       0.00000E+00
       4.83094E-02      -9.72342E-01      -7.13561E-01       8.08426E-01       0.00000E+00
       4.86504E-02      -8.22204E-01      -1.19926E+00       2.38919E+00       0.00000E+00
       4.90506E-02      -6.12945E-01      -1.10766E+00       3.46227E+00       0.00000E+00
       4.94508E-02      -5.18548E-01      -9.21553E-01       4.14808E+00       0.00000E+00
       4.98510E-02      -2.25537E-01      -9.61229E-01       4.80808E+00       0.00000E+00
       5.02512E-02       1.05082E-01      -9.15778E-01       5.24054E+00       0.00000E+00
       5.06514E-02       3.90257E-01      -5.70852E-01       5.93015E+00       0.00000E+00
       5.10516E-02       6.10163E-02      -9.76923E-02       6.17119E+00       0.00000E+00
       5.14518E-02      -5.32192E-01      -9.02747E-02       5.90096E+00       0.00000E+00
       5.18520E-02      -7.82763E-01      -4.66128E-01       5.71236E+00       0.00000E+00
       5.22522E-02      -6.32198E-01      -7.48915E-01       5.51264E+00       0.00000E+00
       5.26524E-02      -4.77583E-01      -6.80236E-01       4.75907E+00       0.00000E+00
       5.29552E-02      -4.64788E-01      -7.69304E-01       3.60705E+00       0.00000E+00
       5.33554E-02      -3.76408E-01      -1.08382E+00       2.43516E+00       0.00000E+00
       5.37556E-02       1.96359E-02      -1.28300E+00       1.15332E+00       0.00000E+00
       5.41558E-02       3.47404E-01      -1.14768E+00       9.31121E-02       0.00000E+00
       5.45560E-02       4.75665E-01      -1.09972E+00      -6.50478E-01       0.00000E+00
       5.49562E-02       6.63956E-01      -1.24914E+00      -9.66219E-01       0.00000E+00
       5.53564E-02       1.00041E+00      -1.11081E+00      -7.60873E-01       0.00000E+00
       5.57566E-02       1.15027E+00      -8.20110E-01      -5.45415E-01       0.00000E+00
       5.61568E-02       1.35432E+00      -5.15094E-01      -2.27657E-01       0.00000E+00
       5.65570E-02       1.58951E+00      -2.67953E-01       4.02405E-01       0.00000E+00
       5.69572E-02       1.93536E+00      -2.84795E-02       1.34378E+00       0.00000E+00
       5.72030E-02       2.06983E+00       3.58746E-01       2.03036E+00       0.00000E+00
       5.76032E-02       2.00427E+00       7.22807E-01       2.32046E+00       0.00000E+00
       5.80034E-02       1.70081E+00       9.80404E-01       2.05405E+00       0.00000E+00
       5.84036E-02       1.61610E+00       1.01311E+00       1.75778E+00       0.00000E+00
       5.88038E-02       1.69260E+00       1.37890E+00       1.72057E+00       0.00000E+00
       5.92040E-02       1.45156E+00       1.72743E+00       1.49707E+00       0.00000E+00
       5.96042E-02       1.24470E+00       1.80979E+00       1.09228E+00       0.00000E+00
       6.00044E-02       1.19210E+00       1.84465E+00       4.10265E-01       0.00000E+00
       6.04046E-02       1.29297E+00       1.97441E+00      -5.56233E-01       0.00000E+00
       6.08048E-02       1.28492E+00       2.31335E+00      -1.63999E+00       0.00000E+00
       6.12050E-02       9.17511E-01       2.77088E+00      -2.91745E+00       0.00000E+00
       6.14584E-02       4.73205E-01       2.96530E+00      -4.02748E+00       0.00000E+00
       6.18586E-02      -8.95101E-02       3.14550E+00      -4.99333E+00       0.00000E+00
       6.22588E-02      -9.32138E-01       3.15476E+00      -5.76675E+00       0.00000E+00
       6.26590E-02      -1.92623E+00       2.78484E+00      -5.84969E+00       0.00000E+00
       6.30592E-02      -2.81295E+00       1.96429E+00      -5.34996E+00       0.00000E+00
       6.34594E-02      -3.34684E+00       8.97701E-01      -4.45115E+00       0.00000E+00
       6.38596E-02      -3.38067E+00      -3.09373E-01      -3.74179E+00       0.00000E+00
       6.42598E-02      -2.96714E+00      -8.17466E-01      -3.37132E+00       0.00000E+00
       6.46600E-02      -2.65015E+00      -5.41437E-01      -3.30899E+00       0.00000E+00
       6.50602E-02      -2.70638E+00      -1.01320E-01      -3.55119E+00       0.00000E+00
       6.54604E-02      -3.06726E+00      -1.59360E-01      -3.71448E+00       0.00000E+00
       6.57260E-02      -3.19899E+00      -8.02636E-01      -3.40713E+00       0.00000E+00
       6.61262E-02      -2.93064E+00      -1.76937E+00      -2.80166E+00       0.00000E+00
       6.65264E-02      -2.29881E+00      -2.53015E+00      -2.07285E+00       0.00000E+00
       6.69266E-02      -1.96456E+00      -2.52905E+00      -1.58447E+00       0.00000E+00
       6.73268E-02      -1.83092E+00      -2.39072E+00      -1.08234E+00       0.00000E+00
       6.77270E-02      -1.57164E+00      -2.41947E+00      -2.04955E-01       0.00000E+00
       6.81272E-02      -1.14402E+00      -2.52354E+00       8.88603E-01       0.00000E+00
       6.85274E-02      -4.18898E-01      -2.48868E+00       1.71427E+00       0.00000E+00
       6.89276E-02       2.02610E-01      -2.14557E+00       2.06755E+00       0.00000E+00
       6.93278E-02       2.40639E-01      -1.63091E+00       1.85374E+00       0.00000E+00
       6.97280E-02       2.18743E-02      -1.14054E+00       1.71670E+00       0.00000E+00
       7.00324E-02      -2.82630E-01      -9.50026E-01       1.66241E+00       0.00000E+00
       7.04326E-02      -3.85141E-01      -1.20644E+00       1.40266E+00       0.00000E+00
       7.08328E-02       2.27639E-02      -1.65274E+00       1.23693E+00       0.00000E+00
       7.12330E-02       1.07924E+00      -2.10335E+00       1.55713E+00       0.00000E+00
       7.16332E-02       2.23656E+00      -2.43183E+00       2.25247E+00       0.00000E+00
       7.20334E-02       3.22762E+00      -2.35825E+00       2.95292E+00       0.00000E+00
       7.24336E-02       3.94508E+00      -2.11887E+00       3.38060E+00       0.00000E+00
       7.28338E-02       4.42920E+00      -1.49504E+00       3.64863E+00       0.00000E+00
       7.32340E-02       4.39280E+00      -4.31233E-01       3.41516E+00       0.00000E+00
       7.36342E-02       3.53670E+00       5.92406E-01       2.69927E+00       0.00000E+00
       7.40344E-02       2.15400E+00       3.94859E-01       1.97400E+00       0.00000E+00
       7.42706E-02       1.51735E+00      -6.46306E-01       1.66261E+00       0.00000E+00
       7.46708E-02       1.61285E+00      -1.50684E+00       1.50027E+00       0.00000E+00
       7.50710E-02       2.08176E+00      -1.71422E+00       1.14536E+00       0.00000E+00
       7.54712E-02       2.35058E+00      -1.11353E+00       6.79456E-01       0.00000E+00
       7.58714E-02       2.44468E+00      -2.46702E-01       3.17619E-01       0.00000E+00
       7.62716E-02       2.42291E+00       6.14089E-01       2.19018E-02       0.00000E+00
       7.66718E-02       2.26986E+00       1.42412E+00      -2.10473E-01       0.00000E+00
       7.70720E-02       1.90089E+00       2.18985E+00      -4.12633E-01       0.00000E+00
       7.74722E-02       1.36322E+00       2.80539E+00      -5.54272E-01       0.00000E+00
       7.78724E-02       8.83086E-01       3.04790E+00      -5.98024E-01       0.00000E+00
       7.82726E-02       6.62471E-01       3.09747E+00      -9.25832E-01       0.00000E+00
       7.85298E-02       4.81194E-01       3.25345E+00      -1.48352E+00       0.00000E+00
       7.89300E-02      -3.26354E-02       3.44660E+00      -2.11045E+00       0.00000E+00
       7.93302E-02      -9.58194E-01       3.32335E+00      -2.69282E+00       0.00000E+00
       7.97304E-02      -1.57253E+00       2.85376E+00      -2.87762E+00       0.00000E+00
       8.01306E-02      -1.79552E+00       2.50100E+00      -3.11692E+00       0.00000E+00
       8.05308E-02      -2.04851E+00       2.29595E+00      -3.62135E+00       0.00000E+00
       8.09310E-02      -2.58996E+00       1.99119E+00      -4.16226E+00       0.00000E+00
       8.13312E-02      -3.17065E+00       1.33584E+00      -4.31344E+00       0.00000E+00
       8.17314E-02      -3.20492E+00       4.72307E-01      -3.84511E+00       0.00000E+00
       8.21316E-02      -2.84402E+00      -9.88721E-02      -3.03869E+00       0.00000E+00
       8.25318E-02      -2.33590E+00      -4.54769E-01      -2.02950E+00       0.00000E+00
       8.29318E-02      -1.74817E+00      -5.33035E-01      -9.04028E-01       0.00000E+00
       8.33320E-02      -1.60900E+00      -5.03741E-01      -1.75132E-01       0.00000E+00
       8.37322E-02      -1.85728E+00      -7.65072E-01      -3.84409E-02       0.00000E+00
       8.41322E-02      -1.96551E+00      -1.01158E+00      -3.26066E-01       0.00000E+00
       8.45322E-02      -1.96087E+00      -1.29079E+00      -7.76153E-01       0.00000E+00
       8.49322E-02      -1.49577E+00      -1.89966E+00      -6.85620E-01       0.00000E+00
       8.53322E-02      -6.74508E-01      -2.21892E+00       1.80482E-01       0.00000E+00
       8.57322E-02       7.90540E-02      -2.26191E+00       1.37998E+00       0.00000E+00
       8.61322E-02       9.58899E-01      -2.38549E+00       2.51675E+00       0.00000E+00
       8.65322E-02       2.25429E+00      -2.18129E+00       3.63129E+00       0.00000E+00
       8.69322E-02       3.31018E+00      -1.35704E+00       4.27549E+00       0.00000E+00
       8.73322E-02       3.82519E+00      -2.49146E-01       4.06430E+00       0.00000E+00
       8.77322E-02       4.06889E+00       8.04777E-01       3.47648E+00       0.00000E+00
       8.81322E-02       3.89630E+00       1.83337E+00       2.84065E+00       0.00000E+00
       8.85322E-02       3.38667E+00       2.48671E+00       2.09171E+00       0.00000E+00
       8.89322E-02       3.20361E+00       3.21453E+00       1.62188E+00       0.00000E+00
       8.93322E-02       2.74939E+00       4.39070E+00       1.16427E+00       0.00000E+00
       8.97322E-02       1.25407E+00       5.42031E+00       4.65472E-01       0.00000E+00
       9.01322E-02      -5.27896E-01       5.47414E+00       1.87808E-01       0.00000E+00
       9.05322E-02      -1.64616E+00       4.74095E+00       4.31956E-01       0.00000E+00
       9.09322E-02      -2.08696E+00       3.99036E+00       6.14159E-01       0.00000E+00
       9.13322E-02      -2.63476E+00       3.17113E+00      -4.66534E-02       0.00000E+00
       9.17322E-02      -2.91104E+00       2.20690E+00      -1.16991E+00       0.00000E+00
       9.21322E-02      -2.75141E+00       1.66401E+00      -2.16186E+00       0.00000E+00
       9.25322E-02      -2.82147E+00       1.71141E+00      -2.77243E+00       0.00000E+00
       9.29322E-02      -3.69407E+00       1.46843E+00      -3.04116E+00       0.00000E+00
       9.33322E-02      -4.33733E+00       5.15910E-01      -2.70997E+00       0.00000E+00
       9.37322E-02      -4.51411E+00      -4.39495E-01      -2.35036E+00       0.00000E+00
       9.41322E-02      -4.59992E+00      -1.49504E+00      -2.42836E+00       0.00000E+00
       9.45322E-02      -4.18886E+00      -2.51193E+00      -2.48045E+00       0.00000E+00
       9.49322E-02      -3.47128E+00      -3.01531E+00      -2.35329E+00       0.00000E+00
       9.53322E-02      -3.14723E+00      -3.06720E+00      -2.13155E+00       0.00000E+00
       9.57322E-02      -3.19586E+00      -3.46760E+00      -2.01968E+00       0.00000E+00
       9.61322E-02      -3.16658E+00      -3.98773E+00      -1.93419E+00       0.00000E+00
       9.65322E-02      -2.92157E+00      -4.77414E+00      -1.95759E+00       0.00000E+00
       9.69322E-02      -1.89050E+00      -5.79225E+00      -1.61591E+00       0.00000E+00
       9.73322E-02       6.35465E-02      -5.92455E+00      -6.63373E-01       0.00000E+00
       9.77322E-02       1.67716E+00      -4.64457E+00       1.07218E-01       0.00000E+00
       9.81322E-02       2.25196E+00      -2.91761E+00       4.54314E-01       0.00000E+00
       9.84590E-02       1.75143E+00      -1.49230E+00       2.17955E-01       0.00000E+00
       9.88590E-02       3.12059E-01      -1.44832E+00      -6.88294E-01       0.00000E+00
       9.92590E-02      -5.13108E-01      -3.40919E+00      -1.46343E+00       0.00000E+00
       9.96590E-02       1.35982E+00      -5.94804E+00      -9.13667E-01       0.00000E+00
       1.00059E-01       5.58577E+00      -6.12471E+00       1.26682E+00       0.00000E+00
       1.00459E-01       8.99286E+00      -2.16393E+00       3.49391E+00       0.00000E+00
       1.00859E-01       7.72286E+00       3.53509E+00       3.43414E+00       0.00000E+00
       1.01259E-01       2.10802E+00       5.58908E+00       1.48206E+00       0.00000E+00
       1.01659E-01      -2.54982E+00       2.07552E+00       9.48821E-02       0.00000E+00
       1.02059E-01      -2.29096E+00      -3.93484E+00       6.89322E-01       0.00000E+00
       1.02452E-01       3.34998E+00      -6.82861E+00       3.23804E+00       0.00000E+00
       1.02852E-01       9.55168E+00      -3.20645E+00       5.72398E+00       0.00000E+00
       1.03252E-01       1.03688E+01       5.09358E+00       5.47225E+00       0.00000E+00
       1.03652E-01       3.10602E+00       1.07634E+01       9.93976E-01       0.00000E+00
       1.04052E-01      -6.31865E+00       7.35530E+00      -4.52742E+00       0.00000E+00
       1.04452E-01      -9.01583E+00      -3.06072E+00      -5.83510E+00       0.00000E+00
       1.04852E-01      -1.05522E+00      -1.11436E+01      -1.12782E+00       0.00000E+00
       1.05252E-01       1.04106E+01      -8.25076E+00       5.10047E+00       0.00000E+00
       1.05652E-01       1.45461E+01       4.05833E+00       6.97712E+00       0.00000E+00
       1.06052E-01       5.70631E+00       1.49579E+01       2.20064E+00       0.00000E+00
       1.06421E-01      -7.75983E+00       1.38662E+01      -4.87531E+00       0.00000E+00
       1.06821E-01      -1.47081E+01       2.01698E+00      -8.58918E+00       0.00000E+00
       1.07221E-01      -8.28380E+00      -1.07121E+01      -5.33706E+00       0.00000E+00
       1.07621E-01       6.04809E+00      -1.13175E+01       2.44536E+00       0.00000E+00
       1.08021E-01       1.40698E+01       1.16288E+00       7.23371E+00       0.00000E+00
       1.08421E-01       7.26909E+00       1.48218E+01       3.98001E+00       0.00000E+00
       1.08821E-01      -7.91588E+00       1.63792E+01      -3.37221E+00       0.00000E+00
       1.09221E-01      -1.73977E+01       4.27134E+00      -7.65932E+00       0.00000E+00
       1.09621E-01      -1.19715E+01      -9.95199E+00      -4.79929E+00       0.00000E+00
       1.10021E-01       1.92416E+00      -1.23539E+01       1.89722E+00       0.00000E+00
       1.10289E-01       1.02607E+01      -4.75228E+00       6.05303E+00       0.00000E+00
       1.10689E-01       9.26399E+00       6.06774E+00       5.89725E+00       0.00000E+00
       1.11089E-01      -1.37363E+00       1.20572E+01       8.22268E-01       0.00000E+00
       1.11489E-01      -1.15576E+01       5.74560E+00      -4.18597E+00       0.00000E+00
       1.11889E-01      -1.13815E+01      -6.14826E+00      -4.22860E+00       0.00000E+00
       1.12289E-01      -1.79720E+00      -1.13001E+01       2.70935E-01       0.00000E+00
       1.12689E-01       5.93318E+00      -6.49602E+00       3.47887E+00       0.00000E+00
       1.13089E-01       5.97464E+00       1.05510E+00       2.96968E+00       0.00000E+00
       1.13489E-01       4.96698E-01       4.26355E+00       2.39689E-01       0.00000E+00
       1.13889E-01      -4.11841E+00       1.02751E+00      -2.33033E+00       0.00000E+00
       1.14289E-01      -3.33397E+00      -3.98076E+00      -2.61732E+00       0.00000E+00
       1.14689E-01       5.86171E-01      -6.26482E+00      -8.36686E-01       0.00000E+00
       1.15089E-01       4.75965E+00      -5.22042E+00       1.79570E+00       0.00000E+00
       1.15489E-01       7.01829E+00      -2.06827E+00       3.41235E+00       0.00000E+00
       1.15889E-01       7.06136E+00       1.52024E+00       3.11510E+00       0.00000E+00
       1.16289E-01       4.36018E+00       4.49042E+00       1.09804E+00       0.00000E+00
       1.16689E-01       1.05434E+00       4.08714E+00      -1.24181E+00       0.00000E+00
       1.17089E-01      -4.51096E-01       2.74993E+00      -2.19718E+00       0.00000E+00
       1.17308E-01      -1.67502E+00       1.64166E+00      -2.55815E+00       0.00000E+00
       1.17708E-01      -2.24901E+00      -4.42391E-01      -2.33960E+00       0.00000E+00
       1.18108E-01      -5.66184E-01      -3.26993E+00      -1.05681E+00       0.00000E+00
       1.18508E-01       3.64882E+00      -4.84602E+00       1.64001E+00       0.00000E+00
       1.18908E-01       9.95253E+00      -2.66813E+00       5.51584E+00       0.00000E+00
       1.19308E-01       1.25036E+01       6.36408E+00       6.17703E+00       0.00000E+00
       1.19708E-01       5.37914E+00       1.64118E+01       9.49908E-01       0.00000E+00
       1.20108E-01      -1.00815E+01       1.74366E+01      -7.56701E+00       0.00000E+00
       1.20508E-01      -2.24630E+01       3.92489E+00      -1.30957E+01       0.00000E+00
       1.20908E-01      -1.86476E+01      -1.79568E+01      -1.02924E+01       0.00000E+00
       1.21308E-01       6.28564E+00      -3.02607E+01       2.52960E+00       0.00000E+00
       1.21708E-01       3.50519E+01      -1.47333E+01       1.71674E+01       0.00000E+00
       1.22108E-01       4.03145E+01       2.35426E+01       1.94290E+01       0.00000E+00
       1.22508E-01       7.52801E+00       5.43802E+01       2.61613E+00       0.00000E+00
       1.22908E-01      -4.22033E+01       4.49548E+01      -2.21243E+01       0.00000E+00
       1.23308E-01      -6.58524E+01      -5.78749E+00      -3.31833E+01       0.00000E+00
       1.23708E-01      -3.53368E+01      -6.01628E+01      -1.68176E+01       0.00000E+00
       1.24108E-01       3.27426E+01      -6.91168E+01       1.74267E+01       0.00000E+00
       1.24508E-01       8.28222E+01      -1.36458E+01       4.20297E+01       0.00000E+00
       1.24805E-01       7.22401E+01       5.66307E+01       3.63144E+01       0.00000E+00
       1.25205E-01       7.73305E+00       9.71544E+01       4.36957E+00       0.00000E+00
       1.25605E-01      -7.86302E+01       6.93705E+01      -3.87668E+01       0.00000E+00
       1.26005E-01      -1.05702E+02      -2.10422E+01      -5.26490E+01       0.00000E+00
       1.26405E-01      -4.72530E+01      -9.78375E+01      -2.32913E+01       0.00000E+00
       1.26805E-01       5.15237E+01      -9.74160E+01       2.63941E+01       0.00000E+00
       1.27205E-01       1.09391E+02      -1.53384E+01       5.46582E+01       0.00000E+00
       1.27605E-01       7.78785E+01       8.00810E+01       3.84494E+01       0.00000E+00
       1.28005E-01      -1.68123E+01       1.13790E+02      -8.97426E+00       0.00000E+00
       1.28405E-01      -1.02712E+02       6.00523E+01      -5.18964E+01       0.00000E+00
       1.28805E-01      -1.14641E+02      -4.11366E+01      -5.86145E+01       0.00000E+00
       1.29205E-01      -4.41552E+01      -1.13974E+02      -2.40159E+01       0.00000E+00
       1.29605E-01       5.80814E+01      -1.05162E+02       2.68714E+01       0.00000E+00
       1.30005E-01       1.16652E+02      -2.05879E+01       5.59051E+01       0.00000E+00
       1.30405E-01       8.85368E+01       8.08345E+01       4.28991E+01       0.00000E+00
       1.30805E-01      -1.23127E+01       1.22581E+02      -6.23027E+00       0.00000E+00
       1.31205E-01      -1.09573E+02       6.71131E+01      -5.48793E+01       0.00000E+00
       1.31605E-01      -1.24882E+02      -5.00308E+01      -6.25485E+01       0.00000E+00
       1.32005E-01      -3.54748E+01      -1.33637E+02      -1.98618E+01       0.00000E+00
       1.32384E-01       8.50150E+01      -1.12516E+02       3.87823E+01       0.00000E+00
       1.32784E-01       1.40256E+02       8.52603E-01       6.67569E+01       0.00000E+00
       1.33184E-01       7.53259E+01       1.15546E+02       3.49187E+01       0.00000E+00
       1.33584E-01      -5.84675E+01       1.25842E+02      -3.19117E+01       0.00000E+00
       1.33984E-01      -1.39917E+02       1.73533E+01      -7.27897E+01       0.00000E+00
       1.34384E-01      -9.17155E+01      -1.08440E+02      -4.87508E+01       0.00000E+00
       1.34784E-01       3.87815E+01      -1.36080E+02       1.68276E+01       0.00000E+00
       1.35184E-01       1.31747E+02      -4.20629E+01       6.36927E+01       0.00000E+00
       1.35584E-01       1.02369E+02       8.38836E+01       4.99131E+01       0.00000E+00
       1.35984E-01      -1.50942E+01       1.25858E+02      -8.13766E+00       0.00000E+00
       1.36384E-01      -1.10163E+02       5.30047E+01      -5.56750E+01       0.00000E+00
       1.36784E-01      -1.01978E+02      -6.20055E+01      -5.21849E+01       0.00000E+00
       1.37184E-01      -5.65098E+00      -1.17878E+02      -4.40599E+00       0.00000E+00
       1.37584E-01       9.20993E+01      -7.19579E+01       4.46594E+01       0.00000E+00
       1.37984E-01       1.08248E+02       3.11263E+01       5.32177E+01       0.00000E+00
       1.38384E-01       3.48241E+01       1.01164E+02       1.71192E+01       0.00000E+00
       1.38784E-01      -6.07472E+01       8.15164E+01      -3.06265E+01       0.00000E+00
       1.39184E-01      -9.79213E+01      -6.12963E+00      -4.97509E+01       0.00000E+00
       1.39584E-01      -4.67255E+01      -8.52269E+01      -2.44290E+01       0.00000E+00
       1.39924E-01       4.21394E+01      -9.04935E+01       1.96161E+01       0.00000E+00
       1.40324E-01       9.72480E+01      -2.03999E+01       4.69782E+01       0.00000E+00
       1.40724E-01       6.85332E+01       6.98984E+01       3.28451E+01       0.00000E+00
       1.41124E-01      -2.25458E+01       9.20446E+01      -1.22186E+01       0.00000E+00
       1.41524E-01      -8.80485E+01       2.55945E+01      -4.41640E+01       0.00000E+00
       1.41924E-01      -6.39802E+01      -6.32249E+01      -3.13932E+01       0.00000E+00
       1.42324E-01       2.46622E+01      -8.55820E+01       1.31546E+01       0.00000E+00
       1.42724E-01       8.64656E+01      -1.81919E+01       4.36647E+01       0.00000E+00
       1.43124E-01       5.66012E+01       6.55761E+01       2.79766E+01       0.00000E+00
       1.43524E-01      -2.90716E+01       7.76276E+01      -1.55316E+01       0.00000E+00
       1.43924E-01      -7.68472E+01       7.03195E+00      -3.98519E+01       0.00000E+00
       1.44324E-01      -3.42863E+01      -6.32283E+01      -1.86777E+01       0.00000E+00
       1.44724E-01       4.48296E+01      -5.35724E+01       2.18504E+01       0.00000E+00
       1.45124E-01       6.67188E+01       2.33785E+01       3.35941E+01       0.00000E+00
       1.45524E-01       2.45351E+00       7.18825E+01       7.16764E-01       0.00000E+00
       1.45924E-01      -6.73702E+01       2.98007E+01      -3.45178E+01       0.00000E+00
       1.46324E-01      -5.51593E+01      -5.34038E+01      -2.76788E+01       0.00000E+00
       1.46724E-01       3.11349E+01      -7.55114E+01       1.57515E+01       0.00000E+00
       1.47124E-01       8.76714E+01      -5.99440E-01       4.37587E+01       0.00000E+00
       1.47445E-01       4.93738E+01       8.24047E+01       2.47648E+01       0.00000E+00
       1.47845E-01      -4.60588E+01       8.95386E+01      -2.29346E+01       0.00000E+00
       1.48245E-01      -1.05971E+02      -9.75122E-01      -5.38678E+01       0.00000E+00
       1.48645E-01      -5.03814E+01      -9.87175E+01      -2.68581E+01       0.00000E+00
       1.49045E-01       6.53727E+01      -9.36786E+01       3.16938E+01       0.00000E+00
       1.49445E-01       1.15785E+02       1.22373E+01       5.76828E+01       0.00000E+00
       1.49845E-01       4.70091E+01       1.07176E+02       2.35538E+01       0.00000E+00
       1.50245E-01      -6.85251E+01       9.34189E+01      -3.39555E+01       0.00000E+00
       1.50645E-01      -1.12172E+02      -1.25152E+01      -5.64204E+01       0.00000E+00
       1.51045E-01      -4.46115E+01      -9.96359E+01      -2.34830E+01       0.00000E+00
       1.51263E-01       4.05917E+01      -1.02535E+02       1.92913E+01       0.00000E+00
       1.51663E-01       9.57665E+01      -4.04811E+01       4.73387E+01       0.00000E+00
       1.52063E-01       7.95907E+01       5.96500E+01       3.92526E+01       0.00000E+00
       1.52463E-01      -1.13280E+01       9.56509E+01      -5.96331E+00       0.00000E+00
       1.52863E-01      -8.56632E+01       3.64284E+01      -4.30185E+01       0.00000E+00
       1.53263E-01      -7.11845E+01      -5.63114E+01      -3.60386E+01       0.00000E+00
       1.53663E-01       1.50741E+01      -8.89493E+01       7.30297E+00       0.00000E+00
       1.54063E-01       8.51295E+01      -2.93517E+01       4.22895E+01       0.00000E+00
       1.54463E-01       6.43211E+01       6.11970E+01       3.19480E+01       0.00000E+00
       1.54863E-01      -2.52864E+01       8.40297E+01      -1.22205E+01       0.00000E+00
       1.55095E-01      -8.27907E+01       3.54948E+01      -4.07821E+01       0.00000E+00
       1.55495E-01      -7.59217E+01      -3.95988E+01      -3.77032E+01       0.00000E+00
       1.55895E-01       5.08137E+00      -8.45201E+01       2.29288E+00       0.00000E+00
       1.56295E-01       7.97670E+01      -3.09123E+01       3.94818E+01       0.00000E+00
       1.56695E-01       6.08310E+01       5.89485E+01       2.98100E+01       0.00000E+00
       1.57095E-01      -2.96649E+01       7.78598E+01      -1.51804E+01       0.00000E+00
       1.57495E-01      -8.28871E+01       1.30750E+00      -4.14253E+01       0.00000E+00
       1.57895E-01      -3.20183E+01      -7.80311E+01      -1.59326E+01       0.00000E+00
       1.58295E-01       6.15965E+01      -6.14330E+01       3.04533E+01       0.00000E+00
       1.58695E-01       8.27462E+01       3.36818E+01       4.05701E+01       0.00000E+00
       1.59095E-01      -4.01543E-01       8.98876E+01      -8.77733E-01       0.00000E+00
       1.59495E-01      -8.42504E+01       3.19838E+01      -4.32038E+01       0.00000E+00
       1.59895E-01      -5.99749E+01      -6.90481E+01      -3.13495E+01       0.00000E+00
       1.60295E-01       4.61047E+01      -8.39383E+01       2.22522E+01       0.00000E+00
       1.60695E-01       9.92525E+01       1.15344E+01       4.90149E+01       0.00000E+00
       1.61095E-01       2.97102E+01       9.77421E+01       1.40509E+01       0.00000E+00
       1.61495E-01      -7.82807E+01       6.69517E+01      -3.92632E+01       0.00000E+00
       1.61895E-01      -9.24078E+01      -4.52491E+01      -4.58535E+01       0.00000E+00
       1.62295E-01       5.20591E+00      -1.03356E+02       2.39402E+00       0.00000E+00
       1.62591E-01       9.43222E+01      -5.41465E+01       4.64470E+01       0.00000E+00
       1.62991E-01       9.70712E+01       4.77615E+01       4.76864E+01       0.00000E+00
       1.63391E-01      -4.55330E-01       1.09898E+02      -1.21558E+00       0.00000E+00
       1.63791E-01      -9.83114E+01       4.87319E+01      -5.02392E+01       0.00000E+00
       1.64191E-01      -8.53715E+01      -6.63625E+01      -4.34910E+01       0.00000E+00
       1.64591E-01       2.36046E+01      -1.05808E+02       1.11696E+01       0.00000E+00
       1.64991E-01       1.06647E+02      -2.62879E+01       5.29504E+01       0.00000E+00
       1.65391E-01       7.18279E+01       8.30077E+01       3.57092E+01       0.00000E+00
       1.65791E-01      -4.11341E+01       1.00836E+02      -2.02651E+01       0.00000E+00
       1.66191E-01      -1.06979E+02       8.26580E+00      -5.27382E+01       0.00000E+00
       1.66433E-01      -7.37079E+01      -7.93558E+01      -3.65805E+01       0.00000E+00
       1.66833E-01       1.63014E+01      -1.00688E+02       7.81549E+00       0.00000E+00
       1.67233E-01       9.65355E+01      -2.68256E+01       4.76953E+01       0.00000E+00
       1.67633E-01       6.31504E+01       7.49169E+01       3.05542E+01       0.00000E+00
       1.68033E-01      -4.00054E+01       8.52344E+01      -2.11385E+01       0.00000E+00
       1.68433E-01      -8.94654E+01      -1.60863E+00      -4.52287E+01       0.00000E+00
       1.68833E-01      -3.15333E+01      -7.72849E+01      -1.59461E+01       0.00000E+00
       1.69233E-01       5.59676E+01      -5.46659E+01       2.78608E+01       0.00000E+00
       1.69633E-01       6.67727E+01       3.00204E+01       3.35816E+01       0.00000E+00
       1.70033E-01      -4.07239E+00       6.72528E+01      -2.09560E+00       0.00000E+00
       1.70290E-01      -5.74450E+01       3.08902E+01      -2.95045E+01       0.00000E+00
       1.70690E-01      -5.10546E+01      -2.98750E+01      -2.63112E+01       0.00000E+00
       1.71090E-01       1.35096E+01      -5.35255E+01       6.24313E+00       0.00000E+00
       1.71490E-01       5.31780E+01      -8.52681E-01       2.60768E+01       0.00000E+00
       1.71890E-01       1.52793E+01       5.01756E+01       7.38833E+00       0.00000E+00
       1.72290E-01      -4.31917E+01       2.91288E+01      -2.15588E+01       0.00000E+00
       1.72690E-01      -3.99148E+01      -3.27377E+01      -1.99914E+01       0.00000E+00
       1.73090E-01       2.03209E+01      -4.81454E+01       1.01724E+01       0.00000E+00
       1.73490E-01       5.34523E+01       4.70147E+00       2.66388E+01       0.00000E+00
       1.73890E-01       1.30431E+01       5.36142E+01       5.89253E+00       0.00000E+00
       1.74290E-01      -4.67786E+01       3.11859E+01      -2.43537E+01       0.00000E+00
       1.74690E-01      -4.53881E+01      -3.32400E+01      -2.36071E+01       0.00000E+00
       1.75090E-01       1.61908E+01      -5.47516E+01       7.05414E+00       0.00000E+00
       1.75490E-01       5.82520E+01      -4.47309E+00       2.84755E+01       0.00000E+00
       1.75890E-01       2.61436E+01       5.28318E+01       1.28824E+01       0.00000E+00
       1.76290E-01      -4.01085E+01       4.49168E+01      -2.03357E+01       0.00000E+00
       1.76690E-01      -5.68468E+01      -2.08176E+01      -2.86609E+01       0.00000E+00
       1.77090E-01       2.99724E-02      -6.04304E+01      -1.97856E-01       0.00000E+00
       1.77490E-01       5.72962E+01      -2.16371E+01       2.81693E+01       0.00000E+00
       1.77815E-01       4.64366E+01       4.21500E+01       2.27609E+01       0.00000E+00
       1.78215E-01      -1.63890E+01       5.87155E+01      -8.48899E+00       0.00000E+00
       1.78615E-01      -5.97064E+01       5.69028E+00      -3.03123E+01       0.00000E+00
       1.79015E-01      -2.55447E+01      -5.22351E+01      -1.31538E+01       0.00000E+00
       1.79415E-01       4.00710E+01      -3.96966E+01       1.97036E+01       0.00000E+00
       1.79815E-01       4.92048E+01       2.40425E+01       2.42186E+01       0.00000E+00
       1.80215E-01      -5.94468E+00       5.20715E+01      -2.92418E+00       0.00000E+00
       1.80615E-01      -4.91632E+01       9.25739E+00      -2.47983E+01       0.00000E+00
       1.81015E-01      -2.04530E+01      -4.19296E+01      -1.10222E+01       0.00000E+00
       1.81415E-01       3.34115E+01      -2.77184E+01       1.62264E+01       0.00000E+00
       1.81693E-01       3.96842E+01       1.87316E+01       1.95743E+01       0.00000E+00
       1.82093E-01       2.09927E-01       4.14781E+01      -4.26712E-01       0.00000E+00
       1.82493E-01      -3.86541E+01       9.23939E+00      -1.98318E+01       0.00000E+00
       1.82893E-01      -1.63823E+01      -3.42856E+01      -8.54888E+00       0.00000E+00
       1.83293E-01       2.99781E+01      -2.29659E+01       1.43871E+01       0.00000E+00
       1.83693E-01       3.02260E+01       2.49270E+01       1.46944E+01       0.00000E+00
       1.84093E-01      -1.74750E+01       3.69532E+01      -8.67923E+00       0.00000E+00
       1.84493E-01      -4.15465E+01      -6.97880E+00      -2.09295E+01       0.00000E+00
       1.84893E-01      -5.21768E+00      -4.29320E+01      -3.13175E+00       0.00000E+00
       1.85293E-01       4.12719E+01      -1.76842E+01       2.01759E+01       0.00000E+00
       1.85693E-01       3.01811E+01       3.53443E+01       1.40821E+01       0.00000E+00
       1.86093E-01      -2.40327E+01       4.11844E+01      -1.29879E+01       0.00000E+00
       1.86493E-01      -4.73570E+01      -9.20198E+00      -2.38916E+01       0.00000E+00
       1.86893E-01      -6.72549E+00      -4.74339E+01      -3.75409E+00       0.00000E+00
       1.87293E-01       4.20216E+01      -2.16040E+01       2.06625E+01       0.00000E+00
       1.87693E-01       3.44633E+01       3.23933E+01       1.69188E+01       0.00000E+00
       1.88093E-01      -1.87115E+01       4.33994E+01      -9.80759E+00       0.00000E+00
       1.88493E-01      -4.72711E+01      -2.22903E+00      -2.40788E+01       0.00000E+00
       1.88893E-01      -1.38033E+01      -4.48120E+01      -7.43971E+00       0.00000E+00
       1.89234E-01       3.61431E+01      -3.10916E+01       1.72363E+01       0.00000E+00
       1.89634E-01       4.20741E+01       2.04429E+01       2.02133E+01       0.00000E+00
       1.90034E-01      -6.00678E+00       4.73708E+01      -3.58020E+00       0.00000E+00
       1.90434E-01      -4.78650E+01       1.01526E+01      -2.46112E+01       0.00000E+00
       1.90834E-01      -2.43097E+01      -4.28141E+01      -1.26798E+01       0.00000E+00
       1.91234E-01       3.34152E+01      -3.55091E+01       1.59594E+01       0.00000E+00
       1.91634E-01       4.31545E+01       2.16599E+01       2.08262E+01       0.00000E+00
       1.92034E-01      -8.60193E+00       4.78194E+01      -4.77913E+00       0.00000E+00
       1.92434E-01      -4.82675E+01       5.07834E+00      -2.47479E+01       0.00000E+00
       1.92834E-01      -1.76111E+01      -4.43104E+01      -9.49195E+00       0.00000E+00
       1.93235E-01       3.72249E+01      -2.82083E+01       1.79641E+01       0.00000E+00
       1.93635E-01       3.59808E+01       2.93981E+01       1.69952E+01       0.00000E+00
       1.94035E-01      -2.06238E+01       4.17230E+01      -1.12629E+01       0.00000E+00
       1.94435E-01      -4.53759E+01      -1.00170E+01      -2.31596E+01       0.00000E+00
       1.94835E-01      -8.92295E-01      -4.62591E+01      -1.23951E+00       0.00000E+00
       1.95235E-01       4.53297E+01      -1.07794E+01       2.16702E+01       0.00000E+00
       1.95635E-01       2.04892E+01       4.29825E+01       9.42722E+00       0.00000E+00
       1.96035E-01      -3.82187E+01       3.08506E+01      -2.00001E+01       0.00000E+00
       1.96435E-01      -4.07294E+01      -3.01669E+01      -2.09658E+01       0.00000E+00
       1.96788E-01       1.56923E+01      -5.05446E+01       7.33355E+00       0.00000E+00
       1.97188E-01       5.34002E+01      -1.65099E+00       2.60838E+01       0.00000E+00
       1.97588E-01       1.52045E+01       5.20345E+01       6.91872E+00       0.00000E+00
       1.97988E-01      -4.69350E+01       2.97869E+01      -2.43162E+01       0.00000E+00
       1.98388E-01      -4.20620E+01      -3.72981E+01      -2.18405E+01       0.00000E+00
       1.98788E-01       2.47703E+01      -5.02910E+01       1.20115E+01       0.00000E+00
       1.99188E-01       5.39390E+01       1.01130E+01       2.65379E+01       0.00000E+00
       1.99588E-01       3.74558E+00       5.43547E+01       1.41576E+00       0.00000E+00
       1.99988E-01      -5.14083E+01       1.80547E+01      -2.58876E+01       0.00000E+00
       2.00388E-01      -3.04584E+01      -4.35738E+01      -1.55294E+01       0.00000E+00
       2.00641E-01       2.39488E+01      -4.86465E+01       1.13673E+01       0.00000E+00
       2.01041E-01       5.04129E+01      -2.38797E+00       2.46188E+01       0.00000E+00
       2.01441E-01       1.46348E+01       4.65300E+01       6.78840E+00       0.00000E+00
       2.01841E-01      -4.05365E+01       2.51092E+01      -2.08923E+01       0.00000E+00
       2.02241E-01      -3.31577E+01      -3.14951E+01      -1.70910E+01       0.00000E+00
       2.02641E-01       2.05366E+01      -3.81749E+01       9.98281E+00       0.00000E+00
       2.03041E-01       3.99507E+01       1.06816E+01       2.00008E+01       0.00000E+00
       2.03441E-01      -1.71211E+00       3.96876E+01      -8.87880E-01       0.00000E+00
       2.03841E-01      -3.73765E+01       7.27430E+00      -1.90895E+01       0.00000E+00
       2.04241E-01      -1.56551E+01      -3.32716E+01      -8.16367E+00       0.00000E+00
       2.04641E-01       2.72102E+01      -2.21352E+01       1.32940E+01       0.00000E+00
       2.05041E-01       2.57006E+01       2.06459E+01       1.22212E+01       0.00000E+00
       2.05441E-01      -1.42932E+01       2.91341E+01      -7.55347E+00       0.00000E+00
       2.05841E-01      -3.12134E+01      -6.87354E+00      -1.59358E+01       0.00000E+00
       2.06241E-01       8.40118E-02      -3.11755E+01      -1.67638E-01       0.00000E+00
       2.06641E-01       2.95492E+01      -6.16137E+00       1.49734E+01       0.00000E+00
       2.07041E-01       1.12492E+01       2.67024E+01       5.64814E+00       0.00000E+00
       2.07441E-01      -2.41542E+01       1.69919E+01      -1.20072E+01       0.00000E+00
       2.07841E-01      -2.23746E+01      -1.99128E+01      -1.14654E+01       0.00000E+00
       2.08175E-01       1.19158E+01      -2.74696E+01       5.12310E+00       0.00000E+00
       2.08575E-01       2.85450E+01       2.45548E+00       1.38725E+01       0.00000E+00
       2.08975E-01       3.46098E+00       2.85830E+01       1.42112E+00       0.00000E+00
       2.09375E-01      -2.79703E+01       9.47358E+00      -1.44328E+01       0.00000E+00
       2.09775E-01      -1.51996E+01      -2.52492E+01      -7.70557E+00       0.00000E+00
       2.10175E-01       2.07791E+01      -1.90721E+01       1.02270E+01       0.00000E+00
       2.10575E-01       2.12503E+01       1.63993E+01       1.03106E+01       0.00000E+00
       2.10975E-01      -1.17435E+01       2.35395E+01      -5.92137E+00       0.00000E+00
       2.11375E-01      -2.43671E+01      -6.66456E+00      -1.26105E+01       0.00000E+00
       2.11775E-01       1.92820E+00      -2.29913E+01       5.10817E-01       0.00000E+00
       2.12019E-01       2.05350E+01      -6.99607E+00       9.85265E+00       0.00000E+00
       2.12419E-01       1.23175E+01       1.41447E+01       5.58490E+00       0.00000E+00
       2.12819E-01      -1.25345E+01       1.33427E+01      -6.73150E+00       0.00000E+00
       2.13219E-01      -1.41958E+01      -1.06498E+01      -7.42469E+00       0.00000E+00
       2.13619E-01       8.87888E+00      -1.46734E+01       4.24945E+00       0.00000E+00
       2.14019E-01       1.50129E+01       7.33945E+00       7.42023E+00       0.00000E+00
       2.14419E-01      -6.16036E+00       1.71952E+01      -3.22851E+00       0.00000E+00
       2.14819E-01      -2.00545E+01      -3.42969E+00      -1.02194E+01       0.00000E+00
       2.15219E-01      -5.57712E-01      -2.08316E+01      -8.04253E-01       0.00000E+00
       2.15619E-01       2.03107E+01      -4.82741E+00       9.81171E+00       0.00000E+00
       2.15881E-01       1.41853E+01       1.77265E+01       6.77178E+00       0.00000E+00
       2.16281E-01      -1.02822E+01       2.09221E+01      -5.39757E+00       0.00000E+00
       2.16681E-01      -2.39510E+01      -5.14613E+00      -1.20855E+01       0.00000E+00
       2.17081E-01      -1.71571E+00      -2.44192E+01      -1.24242E+00       0.00000E+00
       2.17481E-01       2.26862E+01      -7.95990E+00       1.11442E+01       0.00000E+00
       2.17881E-01       1.25753E+01       1.99880E+01       6.32522E+00       0.00000E+00
       2.18281E-01      -1.69960E+01       1.70630E+01      -8.63979E+00       0.00000E+00
       2.18681E-01      -2.14654E+01      -1.14833E+01      -1.06979E+01       0.00000E+00
       2.19081E-01       4.76083E+00      -2.27293E+01       2.21443E+00       0.00000E+00
       2.19481E-01       2.18639E+01      -8.16854E-01       1.06993E+01       0.00000E+00
       2.19773E-01       8.95590E+00       1.94875E+01       4.36485E+00       0.00000E+00
       2.20173E-01      -1.37898E+01       1.46630E+01      -7.08338E+00       0.00000E+00
       2.20573E-01      -1.68113E+01      -9.02261E+00      -8.55299E+00       0.00000E+00
       2.20973E-01       4.17469E+00      -1.61022E+01       1.90771E+00       0.00000E+00
       2.21373E-01       1.36329E+01       7.21997E-01       6.69679E+00       0.00000E+00
       2.21773E-01       6.85909E-01       1.07024E+01       4.01388E-01       0.00000E+00
       2.22173E-01      -8.86877E+00       1.34016E+00      -4.56578E+00       0.00000E+00
       2.22573E-01      -2.01849E+00      -6.04402E+00      -1.28688E+00       0.00000E+00
       2.22973E-01       3.46349E+00      -2.24601E-01       1.62849E+00       0.00000E+00
       2.23373E-01      -2.42327E+00       3.42638E+00      -1.32141E+00       0.00000E+00
       2.23773E-01      -4.57626E+00      -4.66504E+00      -2.33550E+00       0.00000E+00
       2.24173E-01       5.21094E+00      -6.14727E+00       2.60442E+00       0.00000E+00
       2.24573E-01       6.97058E+00       5.84636E+00       3.42312E+00       0.00000E+00
       2.24973E-01      -6.96287E+00       9.62488E+00      -3.49437E+00       0.00000E+00
       2.25373E-01      -1.25048E+01      -5.84403E+00      -6.16769E+00       0.00000E+00
       2.25773E-01       3.39416E+00      -1.37013E+01       1.65970E+00       0.00000E+00
       2.26173E-01       1.40277E+01       4.83617E-01       6.91847E+00       0.00000E+00
       2.26573E-01       1.47363E+00       1.46580E+01       6.23377E-01       0.00000E+00
       2.26973E-01      -1.60471E+01       5.10549E+00      -7.97149E+00       0.00000E+00
       2.27373E-01      -9.77594E+00      -1.46761E+01      -4.61800E+00       0.00000E+00
       2.27773E-01       1.18499E+01      -1.33846E+01       5.96521E+00       0.00000E+00
       2.28173E-01       1.60218E+01       9.15579E+00       8.18899E+00       0.00000E+00
       2.28573E-01      -6.74637E+00       1.85994E+01      -3.38456E+00       0.00000E+00
       2.28973E-01      -2.16041E+01      -2.47836E+00      -1.07831E+01       0.00000E+00
       2.29373E-01      -3.09153E+00      -2.30275E+01      -1.35138E+00       0.00000E+00
       2.29773E-01       2.25195E+01      -7.81454E+00       1.11161E+01       0.00000E+00
       2.30173E-01       1.12662E+01       2.18607E+01       5.74529E+00       0.00000E+00
       2.30573E-01      -2.13427E+01       1.56815E+01      -1.06626E+01       0.00000E+00
       2.30973E-01      -2.06427E+01      -1.88064E+01      -1.04489E+01       0.00000E+00
       2.31373E-01       1.49218E+01      -2.36496E+01       7.93799E+00       0.00000E+00
       2.31773E-01       2.47196E+01       1.07012E+01       1.24979E+01       0.00000E+00
       2.32173E-01      -6.84155E+00       2.57190E+01      -3.27064E+00       0.00000E+00
       2.32573E-01      -2.71252E+01      -1.91473E+00      -1.36570E+01       0.00000E+00
       2.32973E-01      -4.31944E+00      -2.60553E+01      -2.52157E+00       0.00000E+00
       2.33373E-01       2.26843E+01      -8.64350E+00       1.18132E+01       0.00000E+00
       2.33773E-01       1.13314E+01       1.92688E+01       5.72931E+00       0.00000E+00
       2.34173E-01      -1.59568E+01       1.39999E+01      -7.82600E+00       0.00000E+00
       2.34573E-01      -1.63096E+01      -1.19574E+01      -7.84189E+00       0.00000E+00
       2.34973E-01       6.72321E+00      -1.64324E+01       3.50072E+00       0.00000E+00
       2.35373E-01       1.46758E+01       3.06331E+00       7.65954E+00       0.00000E+00
       2.35773E-01      -1.59407E+00       1.30389E+01      -6.19605E-01       0.00000E+00
       2.36173E-01      -1.20825E+01       5.52299E-01      -5.88994E+00       0.00000E+00
       2.36573E-01      -2.89478E+00      -1.01067E+01      -1.27461E+00       0.00000E+00
       2.36973E-01       7.45284E+00      -3.10975E+00       3.94946E+00       0.00000E+00
       2.37373E-01       1.90948E+00       6.40926E+00       1.34063E+00       0.00000E+00
       2.37773E-01      -7.35248E+00       1.76023E+00      -3.55303E+00       0.00000E+00
       2.38173E-01      -2.59062E+00      -7.94615E+00      -1.03721E+00       0.00000E+00
       2.38573E-01       8.45483E+00      -2.95258E+00       4.71066E+00       0.00000E+00
       2.38973E-01       2.63804E+00       9.96246E+00       1.47072E+00       0.00000E+00
       2.39373E-01      -1.21311E+01       3.89216E+00      -5.69786E+00       0.00000E+00
       2.39773E-01      -6.61623E+00      -1.30177E+01      -3.01365E+00       0.00000E+00
       2.40173E-01       1.24162E+01      -8.04154E+00       6.47517E+00       0.00000E+00
       2.40573E-01       8.34037E+00       1.25302E+01       4.71786E+00       0.00000E+00
       2.40973E-01      -1.32175E+01       9.83422E+00      -6.44327E+00       0.00000E+00
       2.41373E-01      -1.18770E+01      -1.23018E+01      -5.62242E+00       0.00000E+00
       2.41773E-01       1.02869E+01      -1.28538E+01       5.58902E+00       0.00000E+00
       2.42173E-01       1.24293E+01       9.05409E+00       6.59431E+00       0.00000E+00
       2.42573E-01      -8.51789E+00       1.23050E+01      -3.52537E+00       0.00000E+00
       2.42973E-01      -1.29950E+01      -6.93599E+00      -6.34043E+00       0.00000E+00
       2.43373E-01       4.48353E+00      -1.23785E+01       2.47499E+00       0.00000E+00
       2.43773E-01       1.08834E+01       3.55209E+00       5.73719E+00       0.00000E+00
       2.44173E-01      -4.44486E+00       1.04852E+01      -2.20790E+00       0.00000E+00
       2.44573E-01      -1.09524E+01      -3.80918E+00      -5.09366E+00       0.00000E+00
       2.44973E-01       2.37153E+00      -1.13575E+01       1.66858E+00       0.00000E+00
       2.45373E-01       1.15863E+01       1.46551E+00       6.08896E+00       0.00000E+00
       2.45773E-01      -1.48439E+00       1.27509E+01      -3.06525E-01       0.00000E+00
       2.46173E-01      -1.51769E+01       1.82674E-02      -7.11549E+00       0.00000E+00
       2.46511E-01      -4.54890E+00      -1.55398E+01      -1.66640E+00       0.00000E+00
       2.46911E-01       1.30998E+01      -8.23660E+00       6.70429E+00       0.00000E+00
       2.47311E-01       9.38702E+00       1.22454E+01       4.99912E+00       0.00000E+00
       2.47711E-01      -1.17899E+01       1.09890E+01      -5.59441E+00       0.00000E+00
       2.48111E-01      -1.29562E+01      -9.15425E+00      -6.19685E+00       0.00000E+00
       2.48511E-01       5.51987E+00      -1.24837E+01       3.55567E+00       0.00000E+00
       2.48911E-01       1.02618E+01       3.21546E+00       5.34455E+00       0.00000E+00
       2.49311E-01      -2.08538E+00       8.25620E+00      -7.67950E-01       0.00000E+00
       2.49711E-01      -6.76583E+00      -8.02737E-01      -2.74028E+00       0.00000E+00
       2.50111E-01      -1.34874E+00      -3.12094E+00      -6.61225E-02       0.00000E+00
       2.50451E-01      -1.32292E+00      -1.08053E+00       1.05407E-01       0.00000E+00
       2.50851E-01      -1.27098E+00      -3.15962E+00      -3.42373E-01       0.00000E+00
       2.51251E-01       3.71288E+00      -3.03983E+00       2.29184E+00       0.00000E+00
       2.51651E-01       4.11504E+00       4.86779E+00       2.52559E+00       0.00000E+00
       2.52051E-01      -6.45198E+00       6.18594E+00      -2.75029E+00       0.00000E+00
       2.52451E-01      -9.21259E+00      -5.60387E+00      -3.79400E+00       0.00000E+00
       2.52851E-01       3.20849E+00      -1.04544E+01       1.99690E+00       0.00000E+00
       2.53251E-01       1.06836E+01       1.78005E+00       5.94139E+00       0.00000E+00
       2.53651E-01      -1.61894E+00       1.16836E+01      -1.50821E-01       0.00000E+00
       2.54051E-01      -1.31929E+01       2.43551E-01      -6.10409E+00       0.00000E+00
       2.54373E-01      -5.21461E+00      -1.26091E+01      -1.91815E+00       0.00000E+00
       2.54773E-01       1.00084E+01      -8.57831E+00       5.27432E+00       0.00000E+00
       2.55173E-01       9.09300E+00       9.26413E+00       5.04178E+00       0.00000E+00
       2.55573E-01      -9.43820E+00       1.04644E+01      -3.97244E+00       0.00000E+00
       2.55973E-01      -1.29925E+01      -7.70284E+00      -6.12574E+00       0.00000E+00
       2.56373E-01       5.09432E+00      -1.41476E+01       3.19729E+00       0.00000E+00
       2.56773E-01       1.42240E+01       3.83222E+00       7.67743E+00       0.00000E+00
       2.57173E-01      -3.62520E+00       1.44970E+01      -1.28158E+00       0.00000E+00
       2.57573E-01      -1.55257E+01      -2.17970E+00      -7.33160E+00       0.00000E+00
       2.57973E-01      -3.37961E-01      -1.51183E+01       2.68387E-01       0.00000E+00
       2.58237E-01       1.36847E+01      -5.02656E+00       7.81760E+00       0.00000E+00
       2.58637E-01       7.35616E+00       1.04567E+01       4.32900E+00       0.00000E+00
       2.59037E-01      -1.01664E+01       7.35015E+00      -4.66862E+00       0.00000E+00
       2.59437E-01      -8.10920E+00      -8.17450E+00      -3.54892E+00       0.00000E+00
       2.59837E-01       5.02499E+00      -7.96457E+00       2.98519E+00       0.00000E+00
       2.60237E-01       6.37143E+00       3.48944E+00       3.76794E+00       0.00000E+00
       2.60637E-01      -3.19195E+00       5.56396E+00      -1.19547E+00       0.00000E+00
       2.61037E-01      -5.81402E+00      -1.60515E+00      -1.99050E+00       0.00000E+00
       2.61437E-01      -1.09868E+00      -4.69616E+00       1.98119E-01       0.00000E+00
       2.61837E-01       2.47602E+00      -1.41529E+00       1.86284E+00       0.00000E+00
       2.62146E-01       2.95915E-01       1.56163E+00       9.36117E-01       0.00000E+00
       2.62546E-01      -1.15507E+00      -5.80682E-01      -5.52964E-02       0.00000E+00
       2.62946E-01       1.30883E+00       3.06153E-01       1.10310E+00       0.00000E+00
       2.63346E-01      -2.35960E+00       2.97022E+00      -6.86433E-01       0.00000E+00
       2.63746E-01      -6.45995E+00      -1.84877E+00      -2.30281E+00       0.00000E+00
       2.64146E-01      -1.96299E-01      -9.12433E+00       8.87698E-01       0.00000E+00
       2.64546E-01       1.07027E+01      -2.16838E-01       5.91374E+00       0.00000E+00
       2.64946E-01      -5.64389E-01       1.31229E+01       3.90512E-01       0.00000E+00
       2.65346E-01      -1.58437E+01       4.52432E-01      -7.27614E+00       0.00000E+00
       2.65733E-01      -2.97818E+00      -1.67671E+01      -8.12288E-01       0.00000E+00
       2.66133E-01       1.59373E+01      -3.91684E+00       8.69647E+00       0.00000E+00
       2.66533E-01       2.70949E+00       1.60447E+01       1.98878E+00       0.00000E+00
       2.66933E-01      -1.64838E+01       2.81961E+00      -7.30170E+00       0.00000E+00
       2.67333E-01      -3.77941E+00      -1.47680E+01      -1.07400E+00       0.00000E+00
       2.67733E-01       1.23096E+01      -3.27740E+00       6.69851E+00       0.00000E+00
       2.68133E-01       1.67028E+00       1.12121E+01       1.53052E+00       0.00000E+00
       2.68533E-01      -1.13029E+01       1.21775E+00      -5.00022E+00       0.00000E+00
       2.68933E-01      -2.01168E+00      -9.90855E+00      -3.72734E-01       0.00000E+00
       2.69333E-01       7.77312E+00      -2.03787E+00       4.35801E+00       0.00000E+00
       2.69646E-01       2.59976E+00       7.08936E+00       2.30398E+00       0.00000E+00
       2.70046E-01      -6.75196E+00       3.80541E+00      -2.40438E+00       0.00000E+00
       2.70446E-01      -5.06320E+00      -5.52522E+00      -1.67928E+00       0.00000E+00
       2.70846E-01       3.07767E+00      -4.81963E+00       2.31378E+00       0.00000E+00
       2.71246E-01       3.86212E+00       1.61821E+00       2.54938E+00       0.00000E+00
       2.71646E-01      -1.45648E+00       3.90953E+00      -1.03761E-01       0.00000E+00
       2.72046E-01      -4.88394E+00      -3.98171E-01      -1.82585E+00       0.00000E+00
       2.72446E-01      -1.79036E+00      -4.43635E+00       7.07087E-02       0.00000E+00
       2.72846E-01       2.71867E+00      -2.34707E+00       2.26128E+00       0.00000E+00
       2.73246E-01       1.95116E+00       2.03232E+00       1.86849E+00       0.00000E+00
       2.73646E-01      -2.61559E+00       3.10989E+00      -4.69950E-01       0.00000E+00
       2.74046E-01      -4.96235E+00      -1.58487E+00      -1.59757E+00       0.00000E+00
       2.74446E-01      -4.44355E-01      -5.28220E+00       7.57107E-01       0.00000E+00
       2.74846E-01       4.07404E+00      -1.89669E+00       2.73237E+00       0.00000E+00
       2.75246E-01       1.98747E+00       4.03037E+00       1.68110E+00       0.00000E+00
       2.75646E-01      -4.59385E+00       3.82356E+00      -1.30946E+00       0.00000E+00
       2.76046E-01      -6.66034E+00      -2.79275E+00      -2.24328E+00       0.00000E+00
       2.76446E-01      -1.56268E-02      -7.91432E+00       9.27554E-01       0.00000E+00
       2.76846E-01       7.91640E+00      -1.88506E+00       4.72618E+00       0.00000E+00
       2.77246E-01       2.75070E+00       9.12259E+00       2.26164E+00       0.00000E+00
       2.77646E-01      -1.06619E+01       5.38027E+00      -4.45648E+00       0.00000E+00
       2.78046E-01      -9.14421E+00      -1.00922E+01      -3.57428E+00       0.00000E+00
       2.78446E-01       8.30383E+00      -1.08155E+01       5.31446E+00       0.00000E+00
       2.78846E-01       1.12646E+01       8.23448E+00       6.73595E+00       0.00000E+00
       2.79246E-01      -8.63496E+00       1.28518E+01      -3.36259E+00       0.00000E+00
       2.79646E-01      -1.49451E+01      -7.12584E+00      -6.68806E+00       0.00000E+00
       2.80046E-01       4.71437E+00      -1.53607E+01       3.41282E+00       0.00000E+00
       2.80446E-01       1.45980E+01       4.17812E+00       8.09997E+00       0.00000E+00
       2.80846E-01      -4.85167E+00       1.50745E+01      -1.41780E+00       0.00000E+00
       2.81144E-01      -1.71399E+01      -8.80360E-01      -7.63521E+00       0.00000E+00
       2.81544E-01      -3.80487E+00      -1.50754E+01      -9.94522E-01       0.00000E+00
       2.81944E-01       1.26163E+01      -3.71939E+00       7.43022E+00       0.00000E+00
       2.82344E-01       2.37052E+00       1.16422E+01       2.10261E+00       0.00000E+00
       2.82744E-01      -1.13690E+01       2.02596E+00      -4.67072E+00       0.00000E+00
       2.83144E-01      -2.63866E+00      -9.70363E+00      -4.93005E-01       0.00000E+00
       2.83544E-01       7.23248E+00      -1.99976E+00       4.54710E+00       0.00000E+00
       2.83944E-01       6.19292E-01       6.63375E+00       1.37648E+00       0.00000E+00
       2.84344E-01      -7.72754E+00       1.03543E+00      -2.81664E+00       0.00000E+00
       2.84744E-01      -2.13762E+00      -7.42865E+00      -2.43930E-01       0.00000E+00
       2.85013E-01       5.68949E+00      -4.04546E+00       3.78285E+00       0.00000E+00
       2.85413E-01       4.29010E+00       4.06939E+00       3.16372E+00       0.00000E+00
       2.85813E-01      -5.45361E+00       4.98718E+00      -1.86244E+00       0.00000E+00
       2.86213E-01      -7.11548E+00      -5.62654E+00      -2.44467E+00       0.00000E+00
       2.86613E-01       5.06906E+00      -7.68035E+00       3.39999E+00       0.00000E+00
       2.87013E-01       7.22109E+00       6.09139E+00       4.51971E+00       0.00000E+00
       2.87413E-01      -8.19062E+00       8.22380E+00      -3.08473E+00       0.00000E+00
       2.87813E-01      -1.03771E+01      -8.60198E+00      -4.11889E+00       0.00000E+00
       2.88213E-01       7.54520E+00      -1.06656E+01       4.76627E+00       0.00000E+00
       2.88613E-01       9.79966E+00       8.39368E+00       5.83675E+00       0.00000E+00
       2.88941E-01      -8.91327E+00       1.15665E+01      -3.27069E+00       0.00000E+00
       2.89341E-01      -1.27023E+01      -6.49962E+00      -5.34279E+00       0.00000E+00
       2.89741E-01       4.16034E+00      -1.13588E+01       3.05250E+00       0.00000E+00
       2.90141E-01       8.45284E+00       3.66529E+00       5.43705E+00       0.00000E+00
       2.90541E-01      -3.82926E+00       7.13833E+00      -8.04763E-01       0.00000E+00
       2.90941E-01      -6.09650E+00      -2.47844E+00      -2.07138E+00       0.00000E+00
       2.91341E-01       1.01464E-01      -3.46260E+00       1.14675E+00       0.00000E+00
       2.91741E-01      -2.56748E-01      -2.92149E-01       1.08998E+00       0.00000E+00
       2.92141E-01      -6.03080E-01      -1.32296E+00       5.65419E-01       0.00000E+00
       2.92541E-01       9.95943E-01       1.95009E-02       1.45693E+00       0.00000E+00
       2.92803E-01      -2.19960E-01       1.75471E+00       9.90511E-01       0.00000E+00
       2.93203E-01      -2.52454E+00       1.27042E+00      -1.02539E-01       0.00000E+00
       2.93603E-01      -3.43171E+00      -1.71868E+00      -7.24277E-01       0.00000E+00
       2.94003E-01      -4.36173E-01      -3.38747E+00       6.84549E-01       0.00000E+00
       2.94403E-01       2.16651E+00      -7.84520E-01       2.20319E+00       0.00000E+00
       2.94803E-01       4.50061E-01       2.35500E+00       1.29713E+00       0.00000E+00
       2.95203E-01      -3.50582E+00       9.64874E-01      -8.29051E-01       0.00000E+00
       2.95603E-01      -2.25460E+00      -3.44677E+00      -1.79397E-01       0.00000E+00
       2.96003E-01       2.46995E+00      -2.15043E+00       2.38722E+00       0.00000E+00
       2.96403E-01       9.24680E-01       3.13331E+00       1.38256E+00       0.00000E+00
       2.96783E-01      -4.94371E+00       1.65080E+00      -1.62121E+00       0.00000E+00
       2.97183E-01      -3.45663E+00      -5.23047E+00      -6.69298E-01       0.00000E+00
       2.97584E-01       4.39041E+00      -3.58140E+00       3.15600E+00       0.00000E+00
       2.97984E-01       2.50451E+00       4.66256E+00       2.18804E+00       0.00000E+00
       2.98384E-01      -5.44534E+00       2.84617E+00      -1.63968E+00       0.00000E+00
       2.98784E-01      -4.05231E+00      -4.48155E+00      -7.43188E-01       0.00000E+00
       2.99184E-01       1.53936E+00      -3.66683E+00       1.67607E+00       0.00000E+00
       2.99585E-01       1.85759E+00      -5.63907E-02       1.94174E+00       0.00000E+00
       2.99985E-01       2.75550E-01       1.53315E+00       1.15528E+00       0.00000E+00
       3.00385E-01      -2.25930E+00       2.05857E+00      -1.68506E-01       0.00000E+00
       3.00697E-01      -4.07682E+00      -3.41595E-01      -9.28614E-01       0.00000E+00
       3.01097E-01      -2.81401E+00      -3.60722E+00      -2.70790E-01       0.00000E+00
       3.01497E-01       2.10457E+00      -3.31229E+00       2.25413E+00       0.00000E+00
       3.01897E-01       1.88291E+00       1.94999E+00       2.06684E+00       0.00000E+00
       3.02297E-01      -2.79701E+00       1.95634E+00      -1.33776E-01       0.00000E+00
       3.02698E-01      -2.95595E+00      -1.30795E+00      -4.88171E-01       0.00000E+00
       3.03098E-01      -1.15926E+00      -2.09272E+00       6.03793E-01       0.00000E+00
       3.03498E-01       6.24845E-01      -1.33227E+00       1.44527E+00       0.00000E+00
       3.03898E-01       2.05950E-01       8.29111E-01       1.34049E+00       0.00000E+00
       3.04298E-01      -2.11542E+00       1.13541E+00       9.51337E-02       0.00000E+00
       3.04611E-01      -3.48070E+00      -1.12123E+00      -6.74941E-01       0.00000E+00
       3.05012E-01      -4.73409E-01      -3.12839E+00       9.34475E-01       0.00000E+00
       3.05412E-01       2.14057E+00       1.01794E-01       2.19001E+00       0.00000E+00
       3.05812E-01      -1.36405E+00       2.20687E+00       4.62473E-01       0.00000E+00
       3.06212E-01      -3.46548E+00      -4.95681E-01      -7.92199E-01       0.00000E+00
       3.06612E-01      -1.87865E+00      -2.92904E+00       1.60456E-01       0.00000E+00
       3.07013E-01       1.76205E+00      -2.53346E+00       2.18442E+00       0.00000E+00
       3.07413E-01       2.60222E+00       2.01048E+00       2.43157E+00       0.00000E+00
       3.07813E-01      -2.79363E+00       3.91825E+00      -4.44315E-01       0.00000E+00
       3.08213E-01      -6.04446E+00      -2.31732E+00      -1.85951E+00       0.00000E+00
       3.08566E-01       3.03362E-01      -6.48720E+00       1.16073E+00       0.00000E+00
       3.08966E-01       4.75833E+00      -1.07861E-01       3.46180E+00       0.00000E+00
       3.09367E-01      -1.35581E+00       4.01827E+00       5.09971E-01       0.00000E+00
       3.09767E-01      -4.01677E+00      -1.25269E+00      -1.04988E+00       0.00000E+00
       3.10167E-01      -1.18120E-02      -2.56009E+00       1.15680E+00       0.00000E+00
       3.10567E-01       2.30009E-01       1.34023E-01       1.39911E+00       0.00000E+00
       3.10967E-01      -1.65891E+00      -3.50219E-01       1.97391E-01       0.00000E+00
       3.11368E-01      -4.01345E-01      -2.02693E+00       6.45842E-01       0.00000E+00
       3.11768E-01       1.07423E+00       2.23711E-01       1.82906E+00       0.00000E+00
       3.12168E-01      -2.15319E+00       1.55295E+00       6.50029E-02       0.00000E+00
       3.12561E-01      -3.53104E+00      -2.11988E+00      -6.48551E-01       0.00000E+00
       3.12961E-01       9.99151E-01      -3.49980E+00       1.85517E+00       0.00000E+00
       3.13362E-01       2.26952E+00       2.04024E+00       2.43688E+00       0.00000E+00
       3.13762E-01      -4.31275E+00       2.40324E+00      -9.98946E-01       0.00000E+00
       3.14162E-01      -3.39271E+00      -4.56940E+00      -5.45115E-01       0.00000E+00
       3.14562E-01       3.15366E+00      -2.04215E+00       2.86619E+00       0.00000E+00
       3.14962E-01      -1.22093E-01       3.41320E+00       1.20989E+00       0.00000E+00
       3.15363E-01      -4.95533E+00       1.72232E-01      -1.16855E+00       0.00000E+00
       3.15763E-01      -1.63564E+00      -4.64015E+00       3.34545E-01       0.00000E+00
       3.16163E-01       3.28158E+00      -1.09484E+00       2.90491E+00       0.00000E+00
       3.16525E-01       2.04181E-01       3.70378E+00       1.39150E+00       0.00000E+00
       3.16926E-01      -5.03129E+00       1.40828E+00      -1.19621E+00       0.00000E+00
       3.17326E-01      -3.13622E+00      -4.80513E+00      -4.68584E-01       0.00000E+00
       3.17726E-01       3.98617E+00      -2.40369E+00       3.29170E+00       0.00000E+00
       3.18126E-01       5.50463E-02       4.81906E+00       1.31181E+00       0.00000E+00
       3.18526E-01      -6.06217E+00      -7.80162E-01      -1.83567E+00       0.00000E+00
       3.18927E-01       1.15093E+00      -5.32673E+00       1.74492E+00       0.00000E+00
       3.19327E-01       3.73978E+00       3.17707E+00       3.11699E+00       0.00000E+00
       3.19727E-01      -6.33858E+00       3.38122E+00      -1.93828E+00       0.00000E+00
       3.20127E-01      -3.71989E+00      -7.53999E+00      -9.27956E-01       0.00000E+00
       3.20527E-01       7.38171E+00      -2.70921E+00       4.98633E+00       0.00000E+00
       3.20928E-01       7.22276E-01       7.71770E+00       1.63680E+00       0.00000E+00
       3.21328E-01      -8.80235E+00       5.98095E-01      -3.19514E+00       0.00000E+00
       3.21728E-01      -2.02694E+00      -8.54163E+00       1.41355E-01       0.00000E+00
       3.22128E-01       7.66241E+00      -1.96792E+00       5.20382E+00       0.00000E+00
       3.22528E-01       6.33418E-01       8.00666E+00       1.26900E+00       0.00000E+00
       3.22929E-01      -9.65599E+00       4.38243E-01      -3.64830E+00       0.00000E+00
       3.23329E-01      -1.20351E+00      -9.78550E+00       6.21159E-01       0.00000E+00
       3.23729E-01       8.58208E+00      -8.25896E-01       5.64726E+00       0.00000E+00
       3.24129E-01      -1.55292E+00       9.15523E+00       5.36689E-01       0.00000E+00
       3.24425E-01      -1.18589E+01       4.93206E-02      -4.65727E+00       0.00000E+00
       3.24825E-01      -2.46568E+00      -1.08512E+01       8.77234E-02       0.00000E+00
       3.25226E-01       9.03938E+00      -1.02445E+00       5.73085E+00       0.00000E+00
       3.25626E-01      -1.25168E+00       8.33677E+00       7.82817E-01       0.00000E+00
       3.26026E-01      -8.79240E+00      -1.12525E+00      -3.20281E+00       0.00000E+00
       3.26426E-01      -8.46020E-02      -7.41349E+00       1.44703E+00       0.00000E+00
       3.26826E-01       4.44178E+00       9.36602E-01       3.74739E+00       0.00000E+00
       3.27227E-01      -3.06101E+00       3.22250E+00      -1.32703E-01       0.00000E+00
       3.27627E-01      -3.69629E+00      -2.07897E+00      -7.10881E-01       0.00000E+00
       3.28027E-01       3.28031E-01      -2.78027E+00       1.85732E+00       0.00000E+00
       3.28384E-01       1.96226E+00       1.07415E+00       2.38592E+00       0.00000E+00
       3.28784E-01      -3.33297E+00       2.88995E+00      -3.47321E-01       0.00000E+00
       3.29184E-01      -4.07069E+00      -3.46739E+00      -6.47154E-01       0.00000E+00
       3.29585E-01       2.34990E+00      -3.47394E+00       2.81507E+00       0.00000E+00
       3.29985E-01       2.21343E+00       3.12760E+00       2.36120E+00       0.00000E+00
       3.30385E-01      -4.99612E+00       2.30609E+00      -1.17142E+00       0.00000E+00
       3.30785E-01      -2.79192E+00      -4.45868E+00      -2.09150E-03       0.00000E+00
       3.31185E-01       2.92258E+00      -1.61652E+00       2.85982E+00       0.00000E+00
       3.31586E-01      -3.86837E-02       2.78180E+00       1.32354E+00       0.00000E+00
       3.31986E-01      -3.92343E+00       4.73935E-03      -5.50610E-01       0.00000E+00
       3.32386E-01      -3.81202E-01      -3.82662E+00       1.00450E+00       0.00000E+00
       3.32786E-01       2.56771E+00       2.40332E-01       2.60725E+00       0.00000E+00
       3.33186E-01      -1.61277E+00       1.95215E+00       7.11156E-01       0.00000E+00
       3.33586E-01      -3.27899E+00      -1.07530E+00      -4.14009E-01       0.00000E+00
       3.33986E-01      -9.84724E-02      -3.56050E+00       1.40859E+00       0.00000E+00
       3.34386E-01       2.68384E+00       9.72635E-01       2.66879E+00       0.00000E+00
       3.34786E-01      -3.44166E+00       2.03945E+00      -3.55581E-01       0.00000E+00
       3.35186E-01      -2.05761E+00      -4.25093E+00       2.96558E-01       0.00000E+00
       3.35586E-01       3.26113E+00      -1.30343E+00       3.07580E+00       0.00000E+00
       3.35986E-01      -1.52809E+00       4.01216E+00       4.04031E-01       0.00000E+00
       3.36386E-01      -6.05535E+00      -2.87759E+00      -1.36312E+00       0.00000E+00
       3.36786E-01       3.08937E+00      -5.88362E+00       3.04889E+00       0.00000E+00
       3.37186E-01       3.68919E+00       5.37960E+00       3.33356E+00       0.00000E+00
       3.37441E-01      -7.45923E+00       5.64141E+00      -2.29644E+00       0.00000E+00
       3.37841E-01      -8.02503E+00      -6.39081E+00      -2.37902E+00       0.00000E+00
       3.38241E-01       6.53142E+00      -6.81500E+00       4.63028E+00       0.00000E+00
       3.38641E-01       3.71252E+00       7.90997E+00       3.54894E+00       0.00000E+00
       3.39041E-01      -9.92814E+00       2.98699E+00      -3.31773E+00       0.00000E+00
       3.39441E-01      -4.01939E+00      -8.77595E+00      -6.22322E-01       0.00000E+00
       3.39841E-01       6.97349E+00      -2.99988E+00       5.24471E+00       0.00000E+00
       3.40241E-01       1.13799E+00       7.28893E+00       2.17730E+00       0.00000E+00
       3.40641E-01      -8.73870E+00       1.46289E+00      -2.87092E+00       0.00000E+00
       3.41041E-01      -2.91009E+00      -7.57159E+00       9.46229E-02       0.00000E+00
       3.41441E-01       6.08400E+00      -2.32322E+00       4.69906E+00       0.00000E+00
       3.41841E-01       7.21774E-01       6.53516E+00       1.68443E+00       0.00000E+00
       3.42241E-01      -7.79299E+00       4.86817E-01      -2.18448E+00       0.00000E+00
       3.42642E-01      -6.78440E-01      -6.84698E+00       1.13639E+00       0.00000E+00
       3.43042E-01       4.99348E+00       3.05996E-01       3.70735E+00       0.00000E+00
       3.43442E-01      -2.18244E+00       5.27810E+00       2.59184E-01       0.00000E+00
       3.43842E-01      -6.41173E+00      -3.38229E+00      -1.62802E+00       0.00000E+00
       3.44242E-01       4.45742E+00      -5.11856E+00       3.32877E+00       0.00000E+00
       3.44643E-01       2.30942E+00       5.12314E+00       2.70887E+00       0.00000E+00
       3.45043E-01      -6.24040E+00       7.00248E-01      -1.83621E+00       0.00000E+00
       3.45443E-01      -7.25056E-01      -5.88364E+00       9.99525E-01       0.00000E+00
       3.45843E-01       4.21213E+00       4.84202E-01       3.23895E+00       0.00000E+00
       3.46243E-01      -2.82297E+00       3.09268E+00       8.26867E-02       0.00000E+00
       3.46644E-01      -2.87035E+00      -3.65233E+00      -4.01201E-01       0.00000E+00
       3.47044E-01       2.61152E+00      -1.96190E+00       2.95893E+00       0.00000E+00
       3.47444E-01      -2.09598E-01       2.60283E+00       1.13195E+00       0.00000E+00
       3.47844E-01      -4.13109E+00      -1.11572E+00      -7.30166E-01       0.00000E+00
       3.48130E-01      -9.17991E-01      -4.11593E+00       5.21754E-01       0.00000E+00
       3.48531E-01       2.28769E+00      -1.17209E+00       2.81161E+00       0.00000E+00
       3.48931E-01      -2.95511E-01       2.41287E+00       1.22379E+00       0.00000E+00
       3.49331E-01      -3.85059E+00      -9.82812E-02      -4.71534E-01       0.00000E+00
       3.49731E-01      -1.67705E+00      -3.48898E+00       4.67143E-01       0.00000E+00
       3.50131E-01       1.95087E+00      -9.75023E-01       2.51518E+00       0.00000E+00
       3.50532E-01      -1.30892E+00       2.66347E+00       7.86654E-01       0.00000E+00
       3.50932E-01      -4.11309E+00      -9.89614E-01      -4.81332E-01       0.00000E+00
       3.51332E-01       7.08256E-02      -3.33399E+00       1.45339E+00       0.00000E+00
       3.51732E-01       1.37938E+00       1.58688E+00       2.33309E+00       0.00000E+00
       3.52132E-01      -3.70752E+00       1.68554E+00      -5.04004E-01       0.00000E+00
       3.52533E-01      -2.04231E+00      -3.08742E+00       4.04165E-01       0.00000E+00
       3.52933E-01       1.57383E+00      -3.88156E-01       2.22372E+00       0.00000E+00
       3.53333E-01      -1.02491E+00       2.28801E+00       1.02887E+00       0.00000E+00
       3.53733E-01      -3.20033E+00      -9.52795E-01      -4.48942E-01       0.00000E+00
       3.54133E-01       7.14761E-01      -1.62312E+00       1.80250E+00       0.00000E+00
       3.54534E-01      -1.99878E-01       1.45007E+00       1.26828E+00       0.00000E+00
       3.54934E-01      -2.07555E+00      -5.89074E-02       2.33189E-01       0.00000E+00
       3.55334E-01      -3.55375E-01      -1.44597E+00       9.63434E-01       0.00000E+00
       3.55734E-01       4.96022E-01       3.40533E-01       1.70198E+00       0.00000E+00
       3.56134E-01      -6.43022E-01       6.70455E-01       7.13571E-01       0.00000E+00
       3.56535E-01      -1.52305E+00      -3.26502E-01       5.03652E-01       0.00000E+00
       3.56935E-01      -4.51417E-01      -1.70600E+00       9.87257E-01       0.00000E+00
       3.57335E-01       8.67407E-01      -4.14648E-01       1.72230E+00       0.00000E+00
       3.57735E-01      -3.55291E-01       9.05563E-01       1.07079E+00       0.00000E+00
       3.58135E-01      -1.90261E+00      -2.39841E-01       3.93534E-01       0.00000E+00
       3.58536E-01      -7.58263E-01      -2.26670E+00       9.29913E-01       0.00000E+00
       3.58936E-01       1.35187E+00      -7.46273E-01       1.93970E+00       0.00000E+00
       3.59336E-01      -1.15196E+00       1.60648E+00       7.08809E-01       0.00000E+00
       3.59716E-01      -3.11324E+00      -1.58958E+00       1.64923E-01       0.00000E+00
       3.60116E-01       7.88304E-01      -2.53926E+00       1.43759E+00       0.00000E+00
       3.60517E-01       4.44084E-01       1.40033E+00       1.90346E+00       0.00000E+00
       3.60917E-01      -3.33594E+00       1.75997E-01       2.23365E-02       0.00000E+00
       3.61317E-01      -1.60678E+00      -2.88152E+00       8.15734E-01       0.00000E+00
       3.61717E-01       7.75497E-01      -7.30466E-01       1.90742E+00       0.00000E+00
       3.62117E-01      -1.51546E+00       1.02764E+00       1.05862E+00       0.00000E+00
       3.62518E-01      -2.10608E+00      -5.74257E-01       4.37975E-01       0.00000E+00
       3.62918E-01      -1.47727E+00      -1.14485E+00       1.08688E+00       0.00000E+00
       3.63318E-01      -6.38083E-01      -7.51979E-01       1.44401E+00       0.00000E+00
       3.63718E-01      -1.06330E+00      -3.57923E-03       1.26265E+00       0.00000E+00
       3.64118E-01      -1.24757E+00       1.65092E-01       9.97888E-01       0.00000E+00
       3.64519E-01      -1.82025E+00      -1.75775E-01       8.04764E-01       0.00000E+00
       3.64919E-01      -1.00886E+00      -9.51878E-01       1.05126E+00       0.00000E+00
       3.65319E-01      -2.41771E-01      -2.77301E-01       1.72257E+00       0.00000E+00
       3.65711E-01      -6.62081E-01       4.67292E-01       1.21046E+00       0.00000E+00
       3.66112E-01      -1.23418E+00       1.15366E-01       1.09462E+00       0.00000E+00
       3.66512E-01      -1.36814E+00      -1.03855E+00       9.91230E-01       0.00000E+00
       3.66912E-01       4.74840E-01      -1.01920E+00       1.68744E+00       0.00000E+00
       3.67312E-01       2.83379E-02       8.67844E-01       1.41417E+00       0.00000E+00
       3.67712E-01      -1.38770E+00       1.33018E-01       1.01234E+00       0.00000E+00
       3.68113E-01      -6.78413E-01      -1.43574E+00       1.13100E+00       0.00000E+00
       3.68513E-01       5.38000E-01      -9.62785E-01       1.81387E+00       0.00000E+00
       3.68913E-01      -1.56829E-01       4.02404E-01       1.43502E+00       0.00000E+00
       3.69313E-01      -1.55978E+00      -4.96761E-01       9.76727E-01       0.00000E+00
       3.69713E-01      -1.13218E-01      -1.90798E+00       1.49738E+00       0.00000E+00
       3.70114E-01       6.56174E-01      -4.13322E-01       1.94248E+00       0.00000E+00
       3.70514E-01      -1.31802E+00       2.83093E-01       7.84407E-01       0.00000E+00
       3.70914E-01      -2.06138E+00      -1.52557E+00       1.08523E+00       0.00000E+00
       3.71314E-01       1.15417E-01      -2.29534E+00       1.95455E+00       0.00000E+00
       3.71714E-01       6.90998E-01       1.03659E-01       2.04764E+00       0.00000E+00
       3.72115E-01      -1.99610E+00       7.47146E-01       7.98510E-01       0.00000E+00
       3.72515E-01      -3.26014E+00      -1.72695E+00       4.59909E-01       0.00000E+00
       3.72915E-01       9.73243E-02      -3.20317E+00       1.98966E+00       0.00000E+00
       3.73315E-01       1.06117E+00       1.32961E+00       2.67614E+00       0.00000E+00
       3.73715E-01      -3.63079E+00       1.26565E+00       3.17748E-01       0.00000E+00
       3.74116E-01      -2.37125E+00      -2.76951E+00       8.09357E-01       0.00000E+00
       3.74516E-01       2.85765E-01      -5.11682E-01       2.35728E+00       0.00000E+00
       3.74916E-01      -2.24316E+00       4.90900E-01       9.89950E-01       0.00000E+00
       3.75316E-01      -1.31123E+00      -1.89399E+00       1.33651E+00       0.00000E+00
       3.75716E-01       6.46688E-01       7.52432E-01       2.43170E+00       0.00000E+00
       3.76117E-01      -3.04333E+00       1.75570E+00       6.40337E-01       0.00000E+00
       3.76517E-01      -2.80931E+00      -2.36798E+00       5.01208E-01       0.00000E+00
       3.76917E-01       2.10497E+00      -1.29991E+00       3.03808E+00       0.00000E+00
       3.77317E-01      -1.32109E-01       2.94134E+00       1.76947E+00       0.00000E+00
       3.77717E-01      -3.59646E+00      -2.15361E-01       1.26913E-01       0.00000E+00
       3.78118E-01       5.83054E-01      -2.81815E+00       2.18009E+00       0.00000E+00
       3.78518E-01       1.18659E+00       1.18626E+00       2.36143E+00       0.00000E+00
       3.78918E-01      -1.94004E+00       1.01781E+00       5.62526E-01       0.00000E+00
       3.79318E-01      -8.10829E-01      -2.12424E+00       1.65847E+00       0.00000E+00
       3.79718E-01       1.97037E+00      -1.04229E-01       2.76608E+00       0.00000E+00
       3.80119E-01      -1.56214E+00       9.91961E-01       5.39014E-01       0.00000E+00
       3.80519E-01      -1.41185E+00      -1.93408E+00       1.24308E+00       0.00000E+00
       3.80919E-01       1.62215E+00      -1.66314E+00       3.07578E+00       0.00000E+00
       3.81319E-01       2.35373E-01       1.37053E+00       1.48593E+00       0.00000E+00
       3.81719E-01      -2.72543E+00      -6.92125E-01       2.76584E-01       0.00000E+00
       3.82120E-01      -5.01506E-01      -2.98405E+00       1.81312E+00       0.00000E+00
       3.82520E-01       1.62172E+00      -3.90130E-01       2.92451E+00       0.00000E+00
       3.82920E-01      -2.15236E+00       1.39242E+00       7.93348E-01       0.00000E+00
       3.83149E-01      -3.95742E+00      -2.21879E+00      -1.42834E-01       0.00000E+00
       3.83549E-01       5.24109E-04      -3.25173E+00       2.06063E+00       0.00000E+00
       3.83950E-01       6.86880E-01       1.16717E+00       2.80722E+00       0.00000E+00
       3.84350E-01      -3.99815E+00       1.02738E+00      -8.41209E-02       0.00000E+00
       3.84750E-01      -2.80278E+00      -3.86925E+00       6.52434E-01       0.00000E+00
       3.85150E-01       2.16299E+00      -1.26976E+00       3.33550E+00       0.00000E+00
       3.85550E-01      -1.04486E+00       3.18867E+00       1.77820E+00       0.00000E+00
       3.85951E-01      -5.16120E+00      -1.44442E-01      -5.19827E-01       0.00000E+00
       3.86351E-01      -1.42098E+00      -3.65325E+00       1.41858E+00       0.00000E+00
       3.86751E-01       1.35863E+00       3.01780E-01       2.91170E+00       0.00000E+00
       3.87151E-01      -1.44583E+00       2.50804E+00       1.20811E+00       0.00000E+00
       3.87551E-01      -3.09523E+00       2.62429E-01       3.29332E-01       0.00000E+00
       3.87952E-01      -1.13560E+00      -1.45497E+00       1.34235E+00       0.00000E+00
       3.88352E-01       7.46602E-01       4.96621E-01       2.26167E+00       0.00000E+00
       3.88752E-01      -2.12479E+00       1.02887E+00       7.87290E-01       0.00000E+00
       3.89152E-01      -3.60238E-01      -1.98083E+00       1.58160E+00       0.00000E+00
       3.89552E-01       2.87518E+00       1.62099E+00       2.91958E+00       0.00000E+00
       3.89953E-01      -3.25187E+00       3.19620E+00      -9.17669E-02       0.00000E+00
       3.90353E-01      -2.81287E+00      -4.25126E+00      -1.69891E-01       0.00000E+00
       3.90753E-01       4.95476E+00      -1.72890E+00       4.27841E+00       0.00000E+00
       3.91153E-01      -1.08482E-03       4.81215E+00       1.44042E+00       0.00000E+00
       3.91553E-01      -4.90863E+00      -1.69545E+00      -1.29389E+00       0.00000E+00
       3.91954E-01       3.23918E+00      -4.20181E+00       3.13782E+00       0.00000E+00
       3.92354E-01       1.94408E+00       3.83938E+00       2.68213E+00       0.00000E+00
       3.92754E-01      -5.84552E+00      -1.06688E+00      -1.94848E+00       0.00000E+00
       3.93154E-01       2.18697E+00      -5.99307E+00       2.68898E+00       0.00000E+00
       3.93554E-01       3.29203E+00       3.70259E+00       3.53497E+00       0.00000E+00
       3.93955E-01      -5.98872E+00       1.02194E+00      -1.53981E+00       0.00000E+00
       3.94355E-01      -1.24842E+00      -6.05566E+00       6.82552E-01       0.00000E+00
       3.94755E-01       2.93633E+00       6.13331E-01       3.34258E+00       0.00000E+00
       3.95155E-01      -3.52790E+00       1.82338E+00       2.08970E-01       0.00000E+00
       3.95555E-01      -2.69079E+00      -2.58825E+00      -3.46833E-02       0.00000E+00
       3.95956E-01      -4.20267E-01      -1.06404E+00       1.60014E+00       0.00000E+00
       3.96356E-01      -1.64783E+00       9.98861E-02       1.07440E+00       0.00000E+00
       3.96756E-01      -1.62996E+00      -2.10128E-01       8.90381E-01       0.00000E+00
       3.97156E-01      -1.83109E+00       2.98166E-01       5.92185E-01       0.00000E+00
       3.97556E-01      -1.96037E+00      -1.23281E-01       9.71447E-01       0.00000E+00
       3.97957E-01      -2.08001E+00      -1.97732E-01       4.45974E-01       0.00000E+00
       3.98357E-01      -9.67662E-01      -6.67341E-01       9.29855E-01       0.00000E+00
       3.98757E-01       3.06770E-01       1.51241E+00       1.47315E+00       0.00000E+00
       3.99157E-01      -2.87733E+00       1.76055E+00      -4.94417E-02       0.00000E+00
       3.99557E-01      -1.38950E+00      -2.36833E+00       5.51452E-01       0.00000E+00
       3.99958E-01       2.52169E+00       1.13034E+00       2.50946E+00       0.00000E+00
       4.00358E-01      -2.44360E+00       2.97074E+00      -1.06861E-01       0.00000E+00
       4.00628E-01      -2.47973E+00      -2.06279E+00      -2.40752E-01       0.00000E+00
       4.01029E-01       2.00588E+00      -1.56934E+00       1.83121E+00       0.00000E+00
       4.01429E-01       7.24973E-01       2.30991E+00       1.06479E+00       0.00000E+00
       4.01829E-01      -1.43895E+00      -5.27495E-01       1.89500E-01       0.00000E+00
       4.02229E-01       1.08896E+00      -1.09350E+00       1.61823E+00       0.00000E+00
       4.02629E-01       2.97156E-01       4.97761E-01       7.16399E-01       0.00000E+00
       4.03030E-01      -2.27659E-01      -3.31062E-01       5.26308E-01       0.00000E+00
       4.03430E-01      -2.70919E-01      -1.25170E+00       1.13676E+00       0.00000E+00
       4.03830E-01       1.84247E-01      -1.74335E+00       6.75881E-01       0.00000E+00
       4.04230E-01       1.09838E+00      -2.32846E-02       1.27734E+00       0.00000E+00
       4.04630E-01      -2.47931E+00       3.68988E-01       4.93293E-02       0.00000E+00
       4.05031E-01      -1.94216E+00      -4.18560E+00       2.98459E-01       0.00000E+00
       4.05431E-01       2.89799E+00      -9.67407E-01       2.25873E+00       0.00000E+00
       4.05831E-01      -2.62404E+00       2.65686E+00       1.34480E-01       0.00000E+00
       4.06231E-01      -4.37991E+00      -3.54988E+00      -8.66436E-01       0.00000E+00
       4.06450E-01       6.29914E-01      -4.00457E+00       1.40282E+00       0.00000E+00
       4.06850E-01       3.46546E-01       6.69897E-01       1.30264E+00       0.00000E+00
       4.07250E-01      -3.53112E+00       6.37962E-01       1.00627E-01       0.00000E+00
       4.07650E-01      -2.12215E+00      -1.31413E+00       2.07353E-01       0.00000E+00
       4.08050E-01      -1.99765E+00      -6.17904E-02       3.36428E-01       0.00000E+00
       4.08451E-01      -1.42997E+00      -9.90993E-01       7.31898E-01       0.00000E+00
       4.08851E-01      -9.46206E-01       1.47519E+00       8.28150E-01       0.00000E+00
       4.09251E-01      -3.68144E+00       3.54179E-01      -6.64577E-01       0.00000E+00
       4.09651E-01      -6.42748E-01      -1.00959E+00       9.04541E-01       0.00000E+00
       4.10051E-01      -4.77571E-01       2.06177E+00       8.35355E-01       0.00000E+00
       4.10452E-01      -1.83109E+00       7.51115E-02       9.19357E-02       0.00000E+00
       4.10852E-01       9.07402E-01       4.35963E-01       1.44664E+00       0.00000E+00
       4.11252E-01      -1.47174E+00       2.36796E+00       4.47360E-02       0.00000E+00
       4.11652E-01      -1.33783E+00      -1.17555E+00       5.51399E-02       0.00000E+00
       4.12052E-01       2.50759E+00      -3.35679E-01       1.83425E+00       0.00000E+00
       4.12449E-01      -7.16090E-02       2.32265E+00       8.51952E-01       0.00000E+00
       4.12849E-01      -8.53293E-01      -6.62184E-01      -1.17973E-01       0.00000E+00
       4.13249E-01       1.19593E+00      -8.81411E-01       1.29267E+00       0.00000E+00
       4.13650E-01       7.17018E-01       5.37366E-02       1.15606E+00       0.00000E+00
       4.14050E-01       5.10517E-01      -5.18134E-01       5.89006E-01       0.00000E+00
       4.14450E-01      -2.79629E-01      -6.89167E-01       7.85729E-01       0.00000E+00
       4.14850E-01      -1.00720E-02      -1.95830E+00       9.02208E-01       0.00000E+00
       4.15250E-01       1.07456E+00      -7.04894E-01       1.24694E+00       0.00000E+00
       4.15651E-01      -1.92810E+00      -1.61584E-01       3.02561E-01       0.00000E+00
       4.16051E-01      -1.27652E+00      -3.29064E+00       3.74262E-01       0.00000E+00
       4.16451E-01       8.29164E-01      -6.56847E-01       1.38801E+00       0.00000E+00
       4.16851E-01      -2.89061E+00      -1.51382E-01       2.86568E-01       0.00000E+00
       4.17251E-01      -2.24021E+00      -2.36704E+00       2.28851E-01       0.00000E+00
       4.17652E-01      -1.07926E+00      -1.04466E+00       8.61574E-01       0.00000E+00
       4.18052E-01      -2.25359E+00      -3.24831E-01       5.58988E-01       0.00000E+00
